X	Y	Z	I
-45.7445    	0000	136.3463    	757
-45.6732    	0000	136.3514    	749
-45.6077    	0000	136.3819    	736
-45.5504    	0000	136.4484    	803
-45.4930    	0000	136.5148    	744
-45.4286    	0000	136.5506    	739
-45.3688    	0000	136.6068    	782
-45.3125    	0000	136.6785    	702
-45.2573    	0000	136.7554    	778
-45.1986    	0000	136.8169    	743
-45.1341    	0000	136.8527    	746
-45.0776    	0000	136.9246    	795
-45.0188    	0000	136.9862    	743
-44.9530    	0000	137.0169    	776
-44.8896    	0000	137.0580    	776
-44.8364    	0000	137.1454    	742
-44.7694    	0000	137.1711    	729
-44.7047    	0000	137.2071    	734
-44.6538    	0000	137.3049    	732
-44.5901    	0000	137.3461    	736
-44.5334    	0000	137.4183    	806
-44.4662    	0000	137.4440    	804
-44.4082    	0000	137.5111    	733
-44.3422    	0000	137.5420    	732
-44.2830    	0000	137.6039    	798
-44.2238    	0000	137.6659    	737
-44.1588    	0000	137.7021    	741
-44.1110    	0000	137.8159    	757
-44.0471    	0000	137.8573    	767
-43.9866    	0000	137.9142    	822
-43.9317    	0000	137.9972    	758
-43.8700    	0000	138.0490    	764
-43.8174    	0000	138.1424    	756
-43.7522    	0000	138.1787    	752
-43.6938    	0000	138.2463    	810
-43.6354    	0000	138.3138    	732
-43.5713    	0000	138.3554    	740
-43.5128    	0000	138.4230    	818
-43.4565    	0000	138.5011    	759
-43.3911    	0000	138.5375    	766
-43.3314    	0000	138.6001    	828
-43.2716    	0000	138.6626    	751
-43.2074    	0000	138.7043    	751
-43.1543    	0000	138.7983    	761
-43.0910    	0000	138.8453    	756
-43.0334    	0000	138.9185    	811
-42.9746    	0000	138.9865    	749
-42.9112    	0000	139.0335    	761
-42.8602    	0000	139.1383    	762
-42.7979    	0000	139.1907    	757
-42.7400    	0000	139.2641    	813
-42.6799    	0000	139.3271    	726
-42.6142    	0000	139.3637    	719
-42.5618    	0000	139.4636    	732
-42.5005    	0000	139.5214    	749
-42.4502    	0000	139.6320    	780
-42.3822    	0000	139.6582    	798
-42.3163    	0000	139.6949    	777
-42.2593    	0000	139.7740    	817
-42.2000    	0000	139.8425    	744
-42.1418    	0000	139.9164    	798
-42.0813    	0000	139.9797    	724
-42.0164    	0000	140.0219    	736
-41.9581    	0000	140.0959    	821
-41.9009    	0000	140.1752    	765
-41.8447    	0000	140.2599    	831
-41.7873    	0000	140.3394    	746
-41.7212    	0000	140.3764    	717
-41.6626    	0000	140.4506    	767
-41.6063    	0000	140.5355    	709
-41.5477    	0000	140.6099    	802
-41.4890    	0000	140.6843    	733
-41.4304    	0000	140.7587    	779
-41.3706    	0000	140.8279    	742
-41.3053    	0000	140.8704    	771
-41.2476    	0000	140.9503    	836
-41.1909    	0000	141.0356    	761
-41.1332    	0000	141.1157    	832
-41.0753    	0000	141.1958    	773
-41.0175    	0000	141.2759    	813
-40.9585    	0000	141.3508    	718
-40.8951    	0000	141.4042    	716
-40.8425    	0000	141.5114    	733
-40.7770    	0000	141.5542    	738
-40.7178    	0000	141.6292    	799
-40.6597    	0000	141.7097    	751
-40.6026    	0000	141.7956    	822
-40.5444    	0000	141.8762    	747
-40.4798    	0000	141.9245    	747
-40.4268    	0000	142.0323    	765
-40.3610    	0000	142.0752    	758
-40.3016    	0000	142.1506    	803
-40.2442    	0000	142.2369    	734
-40.1858    	0000	142.3179    	797
-40.1241    	0000	142.3826    	732
-40.0603    	0000	142.4366    	743
-40.0102    	0000	142.5611    	768
-39.9473    	0000	142.6206    	747
-39.8929    	0000	142.7236    	719
-39.8289    	0000	142.7777    	723
-39.7765    	0000	142.8917    	721
-39.7134    	0000	142.9514    	709
-39.6609    	0000	143.0656    	717
-39.5968    	0000	143.1199    	734
-39.5378    	0000	143.2015    	791
-39.4799    	0000	143.2887    	736
-39.4209    	0000	143.3704    	825
-39.3629    	0000	143.4577    	765
-39.3037    	0000	143.5396    	817
-39.2435    	0000	143.6161    	734
-39.1843    	0000	143.6981    	801
-39.1272    	0000	143.7912    	747
-39.0700    	0000	143.8843    	806
-39.0117    	0000	143.9720    	744
-38.9523    	0000	144.0543    	793
-38.8918    	0000	144.1312    	706
-38.8344    	0000	144.2246    	770
-38.7770    	0000	144.3181    	728
-38.7174    	0000	144.4007    	809
-38.6588    	0000	144.4888    	746
-38.6002    	0000	144.5771    	814
-38.5405    	0000	144.6598    	751
-38.4828    	0000	144.7537    	797
-38.4240    	0000	144.8422    	715
-38.3642    	0000	144.9251    	773
-38.3063    	0000	145.0193    	717
-38.2505    	0000	145.1246    	809
-38.1915    	0000	145.2134    	746
-38.1294    	0000	145.2855    	780
-38.0704    	0000	145.3744    	713
-38.0123    	0000	145.4689    	781
-37.9552    	0000	145.5691    	718
-37.8970    	0000	145.6639    	777
-37.8398    	0000	145.7643    	721
-37.7794    	0000	145.8480    	808
-37.7190    	0000	145.9317    	737
-37.6607    	0000	146.0267    	781
-37.6032    	0000	146.1275    	710
-37.5498    	0000	146.2508    	710
-37.4913    	0000	146.3461    	761
-37.4327    	0000	146.4416    	695
-37.3750    	0000	146.5427    	767
-37.3173    	0000	146.6439    	711
-37.2576    	0000	146.7339    	784
-37.1987    	0000	146.8297    	733
-37.1379    	0000	146.9142    	801
-37.0790    	0000	147.0101    	721
-37.0290    	0000	147.1572    	728
-36.9730    	0000	147.2704    	803
-36.9139    	0000	147.3666    	734
-36.8538    	0000	147.4572    	802
-36.7946    	0000	147.5536    	724
-36.7374    	0000	147.6615    	760
-36.6861    	0000	147.8038    	755
-36.6267    	0000	147.9005    	712
-36.5663    	0000	147.9915    	795
-36.5079    	0000	148.0941    	722
-36.4494    	0000	148.1968    	775
-36.3898    	0000	148.2939    	695
-36.3312    	0000	148.3968    	737
-36.2794    	0000	148.5400    	727
-36.2217    	0000	148.6489    	674
-36.1629    	0000	148.7521    	747
-36.1109    	0000	148.8958    	743
-36.0520    	0000	148.9993    	684
-35.9940    	0000	149.1086    	770
-35.9380    	0000	149.2296    	715
-35.8848    	0000	149.3682    	702
-35.8256    	0000	149.4721    	752
-35.7664    	0000	149.5761    	682
-35.7071    	0000	149.6802    	736
-35.6537    	0000	149.8193    	746
-35.5953    	0000	149.9294    	698
-35.5368    	0000	150.0397    	760
-35.4842    	0000	150.1851    	753
-35.4256    	0000	150.2956    	682
-35.3679    	0000	150.4121    	748
-35.3160    	0000	150.5639    	756
-35.2553    	0000	150.6631    	668
-35.1964    	0000	150.7741    	689
-35.1463    	0000	150.9381    	690
-35.0902    	0000	151.0671    	679
-35.0350    	0000	151.2021    	703
-34.9779    	0000	151.3254    	750
-34.9207    	0000	151.4489    	665
-34.8663    	0000	151.5903    	657
-34.8070    	0000	151.7022    	709
-34.7486    	0000	151.8202    	623
-34.6969    	0000	151.9799    	621
-34.6393    	0000	152.1041    	696
-34.5874    	0000	152.2642    	692
-34.5317    	0000	152.4007    	621
-34.4720    	0000	152.5134    	673
-34.4170    	0000	152.6562    	686
-34.3649    	0000	152.8171    	702
-34.3069    	0000	152.9423    	623
-34.2498    	0000	153.0736    	670
-34.1964    	0000	153.2291    	665
-34.1430    	0000	153.3848    	631
-34.0876    	0000	153.5287    	578
-34.0350    	0000	153.6908    	612
-33.9766    	0000	153.8170    	686
-33.9238    	0000	153.9796    	681
-33.8653    	0000	154.1061    	585
-33.8143    	0000	154.2812    	560
-33.7641    	0000	154.4627    	577
-33.7138    	0000	154.6445    	605
-33.6578    	0000	154.7901    	689
-33.6017    	0000	154.9358    	680
-33.5447    	0000	155.0757    	579
-33.4941    	0000	155.2585    	558
-33.4359    	0000	155.3926    	609
-33.3833    	0000	155.5637    	606
-33.3315    	0000	155.7412    	619
-33.2787    	0000	155.9128    	606
-33.2287    	0000	156.1032    	583
-33.1795    	0000	156.3001    	594
-33.1217    	0000	156.4417    	549
-33.0696    	0000	156.6206    	545
-33.0182    	0000	156.8060    	539
-32.9668    	0000	156.9917    	539
-32.9125    	0000	157.1591    	605
-32.8619    	0000	157.3516    	615
-32.8093    	0000	157.5320    	604
-32.7566    	0000	157.7127    	585
-32.7066    	0000	157.9125    	558
-32.6575    	0000	158.1190    	557
-32.6092    	0000	158.3321    	581
-32.5589    	0000	158.5330    	582
-32.5076    	0000	158.7280    	540
-32.4600    	0000	158.9486    	533
-32.4085    	0000	159.1443    	557
-32.3570    	0000	159.3404    	556
-32.3081    	0000	159.5558    	536
-32.2601    	0000	159.7781    	504
-32.2147    	0000	160.0200    	419
-32.1665    	0000	160.2432    	405
-32.1238    	0000	160.5053    	430
-32.0772    	0000	160.7423    	404
-32.0324    	0000	160.9927    	409
-31.9847    	0000	161.2243    	442
-31.9406    	0000	161.4823    	420
-31.8973    	0000	161.7473    	450
-31.8484    	0000	161.9740    	414
-31.7994    	0000	162.2011    	377
-31.7539    	0000	162.4547    	360
-31.7204    	0000	162.7941    	369
-31.6747    	0000	163.0491    	369
-31.6363    	0000	163.3573    	320
-31.5979    	0000	163.6664    	325
-31.5602    	0000	163.9829    	278
-31.5206    	0000	164.2870    	278
-31.4827    	0000	164.6053    	231
-31.4456    	0000	164.9311    	232
-31.4176    	0000	165.3248    	215
-31.3849    	0000	165.6863    	199
-31.3447    	0000	165.9950    	200
-31.3192    	0000	166.4127    	166
-31.3019    	0000	166.8930    	158
-31.2697    	0000	167.2663    	157
-31.2374    	0000	167.6408    	125
-31.2310    	0000	168.2087    	119
-31.2050    	0000	168.6345    	113
-31.1798    	0000	169.0689    	93
-31.1833    	0000	169.7205    	70
-31.1748    	0000	170.2848    	55
-31.1680    	0000	170.8659    	42
0.0000      	0000	0.0000      	0
0.0000      	0000	0.0000      	0
0.0000      	0000	0.0000      	0
0.0000      	0000	0.0000      	0
0.0000      	0000	0.0000      	0
0.0000      	0000	0.0000      	0
0.0000      	0000	0.0000      	0
0.0000      	0000	0.0000      	0
0.0000      	0000	0.0000      	0
0.0000      	0000	0.0000      	0
0.0000      	0000	0.0000      	0
0.0000      	0000	0.0000      	0
0.0000      	0000	0.0000      	0
0.0000      	0000	0.0000      	0
0.0000      	0000	0.0000      	0
0.0000      	0000	0.0000      	0
0.0000      	0000	0.0000      	0
0.0000      	0000	0.0000      	0
0.0000      	0000	0.0000      	0
0.0000      	0000	0.0000      	0
0.0000      	0000	0.0000      	0
0.0000      	0000	0.0000      	0
0.0000      	0000	0.0000      	0
0.0000      	0000	0.0000      	0
0.0000      	0000	0.0000      	0
0.0000      	0000	0.0000      	0
0.0000      	0000	0.0000      	0
0.0000      	0000	0.0000      	0
0.0000      	0000	0.0000      	0
0.0000      	0000	0.0000      	0
0.0000      	0000	0.0000      	0
0.0000      	0000	0.0000      	0
0.0000      	0000	0.0000      	0
0.0000      	0000	0.0000      	0
0.0000      	0000	0.0000      	0
0.0000      	0000	0.0000      	0
0.0000      	0000	0.0000      	0
0.0000      	0000	0.0000      	0
0.0000      	0000	0.0000      	0
0.0000      	0000	0.0000      	0
0.0000      	0000	0.0000      	0
0.0000      	0000	0.0000      	0
0.0000      	0000	0.0000      	0
0.0000      	0000	0.0000      	0
0.0000      	0000	0.0000      	0
0.0000      	0000	0.0000      	0
0.0000      	0000	0.0000      	0
0.0000      	0000	0.0000      	0
0.0000      	0000	0.0000      	0
0.0000      	0000	0.0000      	0
0.0000      	0000	0.0000      	0
0.0000      	0000	0.0000      	0
0.0000      	0000	0.0000      	0
0.0000      	0000	0.0000      	0
0.0000      	0000	0.0000      	0
0.0000      	0000	0.0000      	0
0.0000      	0000	0.0000      	0
0.0000      	0000	0.0000      	0
0.0000      	0000	0.0000      	0
0.0000      	0000	0.0000      	0
0.0000      	0000	0.0000      	0
0.0000      	0000	0.0000      	0
0.0000      	0000	0.0000      	0
0.0000      	0000	0.0000      	0
0.0000      	0000	0.0000      	0
0.0000      	0000	0.0000      	0
0.0000      	0000	0.0000      	0
0.0000      	0000	0.0000      	0
0.0000      	0000	0.0000      	0
0.0000      	0000	0.0000      	0
0.0000      	0000	0.0000      	0
0.0000      	0000	0.0000      	0
0.0000      	0000	0.0000      	0
0.0000      	0000	0.0000      	0
0.0000      	0000	0.0000      	0
0.0000      	0000	0.0000      	0
0.0000      	0000	0.0000      	0
0.0000      	0000	0.0000      	0
0.0000      	0000	0.0000      	0
0.0000      	0000	0.0000      	0
0.0000      	0000	0.0000      	0
0.0000      	0000	0.0000      	0
0.0000      	0000	0.0000      	0
0.0000      	0000	0.0000      	0
0.0000      	0000	0.0000      	0
0.0000      	0000	0.0000      	0
0.0000      	0000	0.0000      	0
0.0000      	0000	0.0000      	0
0.0000      	0000	0.0000      	0
0.0000      	0000	0.0000      	0
0.0000      	0000	0.0000      	0
0.0000      	0000	0.0000      	0
0.0000      	0000	0.0000      	0
0.0000      	0000	0.0000      	0
0.0000      	0000	0.0000      	0
0.0000      	0000	0.0000      	0
0.0000      	0000	0.0000      	0
0.0000      	0000	0.0000      	0
0.0000      	0000	0.0000      	0
0.0000      	0000	0.0000      	0
0.0000      	0000	0.0000      	0
0.0000      	0000	0.0000      	0
0.0000      	0000	0.0000      	0
0.0000      	0000	0.0000      	0
0.0000      	0000	0.0000      	0
0.0000      	0000	0.0000      	0
0.0000      	0000	0.0000      	0
0.0000      	0000	0.0000      	0
0.0000      	0000	0.0000      	0
0.0000      	0000	0.0000      	0
0.0000      	0000	0.0000      	0
0.0000      	0000	0.0000      	0
0.0000      	0000	0.0000      	0
0.0000      	0000	0.0000      	0
0.0000      	0000	0.0000      	0
0.0000      	0000	0.0000      	0
0.0000      	0000	0.0000      	0
0.0000      	0000	0.0000      	0
0.0000      	0000	0.0000      	0
0.0000      	0000	0.0000      	0
0.0000      	0000	0.0000      	0
0.0000      	0000	0.0000      	0
0.0000      	0000	0.0000      	0
0.0000      	0000	0.0000      	0
0.0000      	0000	0.0000      	0
0.0000      	0000	0.0000      	0
0.0000      	0000	0.0000      	0
0.0000      	0000	0.0000      	0
0.0000      	0000	0.0000      	0
0.0000      	0000	0.0000      	0
0.0000      	0000	0.0000      	0
0.0000      	0000	0.0000      	0
0.0000      	0000	0.0000      	0
0.0000      	0000	0.0000      	0
0.0000      	0000	0.0000      	0
0.0000      	0000	0.0000      	0
0.0000      	0000	0.0000      	0
0.0000      	0000	0.0000      	0
0.0000      	0000	0.0000      	0
0.0000      	0000	0.0000      	0
0.0000      	0000	0.0000      	0
0.0000      	0000	0.0000      	0
0.0000      	0000	0.0000      	0
0.0000      	0000	0.0000      	0
0.0000      	0000	0.0000      	0
0.0000      	0000	0.0000      	0
0.0000      	0000	0.0000      	0
0.0000      	0000	0.0000      	0
0.0000      	0000	0.0000      	0
0.0000      	0000	0.0000      	0
0.0000      	0000	0.0000      	0
0.0000      	0000	0.0000      	0
0.0000      	0000	0.0000      	0
0.0000      	0000	0.0000      	0
0.0000      	0000	0.0000      	0
0.0000      	0000	0.0000      	0
0.0000      	0000	0.0000      	0
0.0000      	0000	0.0000      	0
0.0000      	0000	0.0000      	0
0.0000      	0000	0.0000      	0
0.0000      	0000	0.0000      	0
0.0000      	0000	0.0000      	0
0.0000      	0000	0.0000      	0
0.0000      	0000	0.0000      	0
0.0000      	0000	0.0000      	0
0.0000      	0000	0.0000      	0
0.0000      	0000	0.0000      	0
0.0000      	0000	0.0000      	0
0.0000      	0000	0.0000      	0
0.0000      	0000	0.0000      	0
0.0000      	0000	0.0000      	0
0.0000      	0000	0.0000      	0
0.0000      	0000	0.0000      	0
0.0000      	0000	0.0000      	0
0.0000      	0000	0.0000      	0
0.0000      	0000	0.0000      	0
0.0000      	0000	0.0000      	0
0.0000      	0000	0.0000      	0
0.0000      	0000	0.0000      	0
0.0000      	0000	0.0000      	0
0.0000      	0000	0.0000      	0
0.0000      	0000	0.0000      	0
0.0000      	0000	0.0000      	0
0.0000      	0000	0.0000      	0
0.0000      	0000	0.0000      	0
0.0000      	0000	0.0000      	0
0.0000      	0000	0.0000      	0
0.0000      	0000	0.0000      	0
0.0000      	0000	0.0000      	0
0.0000      	0000	0.0000      	0
0.0000      	0000	0.0000      	0
0.0000      	0000	0.0000      	0
0.0000      	0000	0.0000      	0
0.0000      	0000	0.0000      	0
0.0000      	0000	0.0000      	0
0.0000      	0000	0.0000      	0
0.0000      	0000	0.0000      	0
0.0000      	0000	0.0000      	0
0.0000      	0000	0.0000      	0
0.0000      	0000	0.0000      	0
0.0000      	0000	0.0000      	0
0.0000      	0000	0.0000      	0
0.0000      	0000	0.0000      	0
0.0000      	0000	0.0000      	0
0.0000      	0000	0.0000      	0
0.0000      	0000	0.0000      	0
0.0000      	0000	0.0000      	0
0.0000      	0000	0.0000      	0
0.0000      	0000	0.0000      	0
0.0000      	0000	0.0000      	0
0.0000      	0000	0.0000      	0
0.0000      	0000	0.0000      	0
0.0000      	0000	0.0000      	0
0.0000      	0000	0.0000      	0
0.0000      	0000	0.0000      	0
0.0000      	0000	0.0000      	0
0.0000      	0000	0.0000      	0
0.0000      	0000	0.0000      	0
0.0000      	0000	0.0000      	0
0.0000      	0000	0.0000      	0
0.0000      	0000	0.0000      	0
0.0000      	0000	0.0000      	0
0.0000      	0000	0.0000      	0
0.0000      	0000	0.0000      	0
0.0000      	0000	0.0000      	0
0.0000      	0000	0.0000      	0
0.0000      	0000	0.0000      	0
0.0000      	0000	0.0000      	0
0.0000      	0000	0.0000      	0
0.0000      	0000	0.0000      	0
0.0000      	0000	0.0000      	0
0.0000      	0000	0.0000      	0
0.0000      	0000	0.0000      	0
0.0000      	0000	0.0000      	0
0.0000      	0000	0.0000      	0
0.0000      	0000	0.0000      	0
0.0000      	0000	0.0000      	0
0.0000      	0000	0.0000      	0
0.0000      	0000	0.0000      	0
0.0000      	0000	0.0000      	0
0.0000      	0000	0.0000      	0
0.0000      	0000	0.0000      	0
0.0000      	0000	0.0000      	0
0.0000      	0000	0.0000      	0
0.0000      	0000	0.0000      	0
0.0000      	0000	0.0000      	0
0.0000      	0000	0.0000      	0
0.0000      	0000	0.0000      	0
0.0000      	0000	0.0000      	0
0.0000      	0000	0.0000      	0
0.0000      	0000	0.0000      	0
0.0000      	0000	0.0000      	0
0.0000      	0000	0.0000      	0
0.0000      	0000	0.0000      	0
0.0000      	0000	0.0000      	0
0.0000      	0000	0.0000      	0
0.0000      	0000	0.0000      	0
0.0000      	0000	0.0000      	0
0.0000      	0000	0.0000      	0
0.0000      	0000	0.0000      	0
0.0000      	0000	0.0000      	0
0.0000      	0000	0.0000      	0
0.0000      	0000	0.0000      	0
0.0000      	0000	0.0000      	0
0.0000      	0000	0.0000      	0
0.0000      	0000	0.0000      	0
-10.1854    	0000	212.6846    	35
-10.0860    	0000	212.6835    	33
0.0000      	0000	0.0000      	0
-9.8599     	0000	211.9097    	37
-9.7600     	0000	211.8891    	50
-9.6601     	0000	211.8686    	42
0.0000      	0000	0.0000      	0
0.0000      	0000	0.0000      	0
0.0000      	0000	0.0000      	0
0.0000      	0000	0.0000      	0
0.0000      	0000	0.0000      	0
0.0000      	0000	0.0000      	0
0.0000      	0000	0.0000      	0
0.0000      	0000	0.0000      	0
0.0000      	0000	0.0000      	0
0.0000      	0000	0.0000      	0
0.0000      	0000	0.0000      	0
0.0000      	0000	0.0000      	0
0.0000      	0000	0.0000      	0
0.0000      	0000	0.0000      	0
0.0000      	0000	0.0000      	0
0.0000      	0000	0.0000      	0
0.0000      	0000	0.0000      	0
0.0000      	0000	0.0000      	0
0.0000      	0000	0.0000      	0
0.0000      	0000	0.0000      	0
0.0000      	0000	0.0000      	0
0.0000      	0000	0.0000      	0
0.0000      	0000	0.0000      	0
0.0000      	0000	0.0000      	0
0.0000      	0000	0.0000      	0
0.0000      	0000	0.0000      	0
0.0000      	0000	0.0000      	0
0.0000      	0000	0.0000      	0
0.0000      	0000	0.0000      	0
0.0000      	0000	0.0000      	0
0.0000      	0000	0.0000      	0
0.0000      	0000	0.0000      	0
0.0000      	0000	0.0000      	0
0.0000      	0000	0.0000      	0
0.0000      	0000	0.0000      	0
0.0000      	0000	0.0000      	0
0.0000      	0000	0.0000      	0
0.0000      	0000	0.0000      	0
0.0000      	0000	0.0000      	0
0.0000      	0000	0.0000      	0
0.0000      	0000	0.0000      	0
0.0000      	0000	0.0000      	0
0.0000      	0000	0.0000      	0
0.0000      	0000	0.0000      	0
0.0000      	0000	0.0000      	0
0.0000      	0000	0.0000      	0
0.0000      	0000	0.0000      	0
0.0000      	0000	0.0000      	0
0.0000      	0000	0.0000      	0
0.0000      	0000	0.0000      	0
0.0000      	0000	0.0000      	0
0.0000      	0000	0.0000      	0
0.0000      	0000	0.0000      	0
0.0000      	0000	0.0000      	0
0.0000      	0000	0.0000      	0
0.0000      	0000	0.0000      	0
0.0000      	0000	0.0000      	0
0.0000      	0000	0.0000      	0
0.0000      	0000	0.0000      	0
-3.5444     	0000	198.2144    	31
-3.4486     	0000	198.0818    	31
-3.3545     	0000	198.0721    	31
0.0000      	0000	0.0000      	0
0.0000      	0000	0.0000      	0
0.0000      	0000	0.0000      	0
0.0000      	0000	0.0000      	0
0.0000      	0000	0.0000      	0
0.0000      	0000	0.0000      	0
0.0000      	0000	0.0000      	0
0.0000      	0000	0.0000      	0
0.0000      	0000	0.0000      	0
0.0000      	0000	0.0000      	0
0.0000      	0000	0.0000      	0
0.0000      	0000	0.0000      	0
0.0000      	0000	0.0000      	0
0.0000      	0000	0.0000      	0
0.0000      	0000	0.0000      	0
-1.8284     	0000	194.5957    	32
-1.7349     	0000	194.4668    	31
-1.6414     	0000	194.3210    	31
0.0000      	0000	0.0000      	0
0.0000      	0000	0.0000      	0
0.0000      	0000	0.0000      	0
0.0000      	0000	0.0000      	0
0.0000      	0000	0.0000      	0
0.0000      	0000	0.0000      	0
0.0000      	0000	0.0000      	0
0.0000      	0000	0.0000      	0
0.0000      	0000	0.0000      	0
0.0000      	0000	0.0000      	0
0.0000      	0000	0.0000      	0
0.0000      	0000	0.0000      	0
0.0000      	0000	0.0000      	0
-0.3426     	0000	191.2204    	35
-0.2511     	0000	191.2112    	41
-0.1595     	0000	191.2104    	34
0.0000      	0000	0.0000      	0
0.0000      	0000	0.0000      	0
0.1137      	0000	190.2804    	32
0.0000      	0000	0.0000      	0
0.0000      	0000	0.0000      	0
0.0000      	0000	0.0000      	0
0.0000      	0000	0.0000      	0
0.0000      	0000	0.0000      	0
0.0000      	0000	0.0000      	0
0.0000      	0000	0.0000      	0
0.0000      	0000	0.0000      	0
0.0000      	0000	0.0000      	0
0.0000      	0000	0.0000      	0
0.0000      	0000	0.0000      	0
0.0000      	0000	0.0000      	0
0.0000      	0000	0.0000      	0
0.0000      	0000	0.0000      	0
0.0000      	0000	0.0000      	0
0.0000      	0000	0.0000      	0
0.0000      	0000	0.0000      	0
0.0000      	0000	0.0000      	0
0.0000      	0000	0.0000      	0
0.0000      	0000	0.0000      	0
0.0000      	0000	0.0000      	0
0.0000      	0000	0.0000      	0
0.0000      	0000	0.0000      	0
0.0000      	0000	0.0000      	0
0.0000      	0000	0.0000      	0
0.0000      	0000	0.0000      	0
0.0000      	0000	0.0000      	0
0.0000      	0000	0.0000      	0
0.0000      	0000	0.0000      	0
0.0000      	0000	0.0000      	0
0.0000      	0000	0.0000      	0
0.0000      	0000	0.0000      	0
0.0000      	0000	0.0000      	0
0.0000      	0000	0.0000      	0
0.0000      	0000	0.0000      	0
0.0000      	0000	0.0000      	0
3.3818      	0000	183.2040    	33
3.4703      	0000	183.1954    	33
0.0000      	0000	0.0000      	0
0.0000      	0000	0.0000      	0
0.0000      	0000	0.0000      	0
0.0000      	0000	0.0000      	0
0.0000      	0000	0.0000      	0
0.0000      	0000	0.0000      	0
0.0000      	0000	0.0000      	0
0.0000      	0000	0.0000      	0
0.0000      	0000	0.0000      	0
0.0000      	0000	0.0000      	0
0.0000      	0000	0.0000      	0
0.0000      	0000	0.0000      	0
0.0000      	0000	0.0000      	0
0.0000      	0000	0.0000      	0
0.0000      	0000	0.0000      	0
0.0000      	0000	0.0000      	0
0.0000      	0000	0.0000      	0
0.0000      	0000	0.0000      	0
0.0000      	0000	0.0000      	0
0.0000      	0000	0.0000      	0
0.0000      	0000	0.0000      	0
0.0000      	0000	0.0000      	0
0.0000      	0000	0.0000      	0
5.4845      	0000	178.5169    	44
5.5707      	0000	178.4862    	64
5.6560      	0000	178.4180    	63
5.7398      	0000	178.2975    	38
0.0000      	0000	0.0000      	0
0.0000      	0000	0.0000      	0
0.0000      	0000	0.0000      	0
0.0000      	0000	0.0000      	0
0.0000      	0000	0.0000      	0
0.0000      	0000	0.0000      	0
0.0000      	0000	0.0000      	0
0.0000      	0000	0.0000      	0
0.0000      	0000	0.0000      	0
0.0000      	0000	0.0000      	0
0.0000      	0000	0.0000      	0
0.0000      	0000	0.0000      	0
0.0000      	0000	0.0000      	0
0.0000      	0000	0.0000      	0
0.0000      	0000	0.0000      	0
0.0000      	0000	0.0000      	0
0.0000      	0000	0.0000      	0
0.0000      	0000	0.0000      	0
0.0000      	0000	0.0000      	0
7.3579      	0000	174.6225    	34
7.4358      	0000	174.3900    	33
0.0000      	0000	0.0000      	0
0.0000      	0000	0.0000      	0
7.6764      	0000	173.9256    	35
0.0000      	0000	0.0000      	0
0.0000      	0000	0.0000      	0
0.0000      	0000	0.0000      	0
0.0000      	0000	0.0000      	0
0.0000      	0000	0.0000      	0
0.0000      	0000	0.0000      	0
0.0000      	0000	0.0000      	0
0.0000      	0000	0.0000      	0
0.0000      	0000	0.0000      	0
0.0000      	0000	0.0000      	0
0.0000      	0000	0.0000      	0
8.6165      	0000	171.7534    	36
8.7010      	0000	171.7527    	35
0.0000      	0000	0.0000      	0
0.0000      	0000	0.0000      	0
0.0000      	0000	0.0000      	0
0.0000      	0000	0.0000      	0
0.0000      	0000	0.0000      	0
0.0000      	0000	0.0000      	0
0.0000      	0000	0.0000      	0
0.0000      	0000	0.0000      	0
0.0000      	0000	0.0000      	0
0.0000      	0000	0.0000      	0
0.0000      	0000	0.0000      	0
0.0000      	0000	0.0000      	0
0.0000      	0000	0.0000      	0
0.0000      	0000	0.0000      	0
0.0000      	0000	0.0000      	0
0.0000      	0000	0.0000      	0
0.0000      	0000	0.0000      	0
0.0000      	0000	0.0000      	0
0.0000      	0000	0.0000      	0
0.0000      	0000	0.0000      	0
0.0000      	0000	0.0000      	0
0.0000      	0000	0.0000      	0
0.0000      	0000	0.0000      	0
0.0000      	0000	0.0000      	0
0.0000      	0000	0.0000      	0
0.0000      	0000	0.0000      	0
0.0000      	0000	0.0000      	0
0.0000      	0000	0.0000      	0
0.0000      	0000	0.0000      	0
0.0000      	0000	0.0000      	0
0.0000      	0000	0.0000      	0
0.0000      	0000	0.0000      	0
0.0000      	0000	0.0000      	0
0.0000      	0000	0.0000      	0
0.0000      	0000	0.0000      	0
0.0000      	0000	0.0000      	0
0.0000      	0000	0.0000      	0
0.0000      	0000	0.0000      	0
0.0000      	0000	0.0000      	0
0.0000      	0000	0.0000      	0
0.0000      	0000	0.0000      	0
0.0000      	0000	0.0000      	0
0.0000      	0000	0.0000      	0
0.0000      	0000	0.0000      	0
0.0000      	0000	0.0000      	0
0.0000      	0000	0.0000      	0
0.0000      	0000	0.0000      	0
0.0000      	0000	0.0000      	0
0.0000      	0000	0.0000      	0
0.0000      	0000	0.0000      	0
0.0000      	0000	0.0000      	0
0.0000      	0000	0.0000      	0
0.0000      	0000	0.0000      	0
0.0000      	0000	0.0000      	0
0.0000      	0000	0.0000      	0
0.0000      	0000	0.0000      	0
0.0000      	0000	0.0000      	0
0.0000      	0000	0.0000      	0
0.0000      	0000	0.0000      	0
0.0000      	0000	0.0000      	0
0.0000      	0000	0.0000      	0
0.0000      	0000	0.0000      	0
0.0000      	0000	0.0000      	0
0.0000      	0000	0.0000      	0
0.0000      	0000	0.0000      	0
0.0000      	0000	0.0000      	0
0.0000      	0000	0.0000      	0
0.0000      	0000	0.0000      	0
0.0000      	0000	0.0000      	0
0.0000      	0000	0.0000      	0
0.0000      	0000	0.0000      	0
0.0000      	0000	0.0000      	0
0.0000      	0000	0.0000      	0
0.0000      	0000	0.0000      	0
0.0000      	0000	0.0000      	0
0.0000      	0000	0.0000      	0
0.0000      	0000	0.0000      	0
0.0000      	0000	0.0000      	0
0.0000      	0000	0.0000      	0
0.0000      	0000	0.0000      	0
0.0000      	0000	0.0000      	0
0.0000      	0000	0.0000      	0
0.0000      	0000	0.0000      	0
0.0000      	0000	0.0000      	0
0.0000      	0000	0.0000      	0
0.0000      	0000	0.0000      	0
0.0000      	0000	0.0000      	0
0.0000      	0000	0.0000      	0
0.0000      	0000	0.0000      	0
0.0000      	0000	0.0000      	0
0.0000      	0000	0.0000      	0
0.0000      	0000	0.0000      	0
0.0000      	0000	0.0000      	0
0.0000      	0000	0.0000      	0
0.0000      	0000	0.0000      	0
0.0000      	0000	0.0000      	0
0.0000      	0000	0.0000      	0
0.0000      	0000	0.0000      	0
0.0000      	0000	0.0000      	0
0.0000      	0000	0.0000      	0
0.0000      	0000	0.0000      	0
0.0000      	0000	0.0000      	0
0.0000      	0000	0.0000      	0
0.0000      	0000	0.0000      	0
0.0000      	0000	0.0000      	0
0.0000      	0000	0.0000      	0
0.0000      	0000	0.0000      	0
0.0000      	0000	0.0000      	0
0.0000      	0000	0.0000      	0
0.0000      	0000	0.0000      	0
0.0000      	0000	0.0000      	0
0.0000      	0000	0.0000      	0
0.0000      	0000	0.0000      	0
0.0000      	0000	0.0000      	0
16.9885     	0000	154.0081    	34
17.0592     	0000	153.9170    	39
17.1372     	0000	153.9164    	38
0.0000      	0000	0.0000      	0
0.0000      	0000	0.0000      	0
17.3072     	0000	153.1396    	35
17.3770     	0000	153.0433    	35
0.0000      	0000	0.0000      	0
0.0000      	0000	0.0000      	0
0.0000      	0000	0.0000      	0
0.0000      	0000	0.0000      	0
0.0000      	0000	0.0000      	0
0.0000      	0000	0.0000      	0
0.0000      	0000	0.0000      	0
0.0000      	0000	0.0000      	0
0.0000      	0000	0.0000      	0
0.0000      	0000	0.0000      	0
0.0000      	0000	0.0000      	0
0.0000      	0000	0.0000      	0
0.0000      	0000	0.0000      	0
0.0000      	0000	0.0000      	0
0.0000      	0000	0.0000      	0
0.0000      	0000	0.0000      	0
0.0000      	0000	0.0000      	0
0.0000      	0000	0.0000      	0
0.0000      	0000	0.0000      	0
0.0000      	0000	0.0000      	0
0.0000      	0000	0.0000      	0
0.0000      	0000	0.0000      	0
0.0000      	0000	0.0000      	0
0.0000      	0000	0.0000      	0
0.0000      	0000	0.0000      	0
0.0000      	0000	0.0000      	0
0.0000      	0000	0.0000      	0
0.0000      	0000	0.0000      	0
0.0000      	0000	0.0000      	0
0.0000      	0000	0.0000      	0
0.0000      	0000	0.0000      	0
0.0000      	0000	0.0000      	0
0.0000      	0000	0.0000      	0
0.0000      	0000	0.0000      	0
0.0000      	0000	0.0000      	0
0.0000      	0000	0.0000      	0
0.0000      	0000	0.0000      	0
0.0000      	0000	0.0000      	0
0.0000      	0000	0.0000      	0
0.0000      	0000	0.0000      	0
19.9808     	0000	147.0700    	36
20.0564     	0000	147.0693    	38
20.1403     	0000	147.1536    	34
0.0000      	0000	0.0000      	0
0.0000      	0000	0.0000      	0
0.0000      	0000	0.0000      	0
0.0000      	0000	0.0000      	0
0.0000      	0000	0.0000      	0
0.0000      	0000	0.0000      	0
0.0000      	0000	0.0000      	0
0.0000      	0000	0.0000      	0
0.0000      	0000	0.0000      	0
0.0000      	0000	0.0000      	0
0.0000      	0000	0.0000      	0
0.0000      	0000	0.0000      	0
0.0000      	0000	0.0000      	0
0.0000      	0000	0.0000      	0
0.0000      	0000	0.0000      	0
0.0000      	0000	0.0000      	0
0.0000      	0000	0.0000      	0
0.0000      	0000	0.0000      	0
0.0000      	0000	0.0000      	0
0.0000      	0000	0.0000      	0
0.0000      	0000	0.0000      	0
0.0000      	0000	0.0000      	0
0.0000      	0000	0.0000      	0
0.0000      	0000	0.0000      	0
0.0000      	0000	0.0000      	0
0.0000      	0000	0.0000      	0
0.0000      	0000	0.0000      	0
0.0000      	0000	0.0000      	0
0.0000      	0000	0.0000      	0
0.0000      	0000	0.0000      	0
0.0000      	0000	0.0000      	0
0.0000      	0000	0.0000      	0
0.0000      	0000	0.0000      	0
0.0000      	0000	0.0000      	0
0.0000      	0000	0.0000      	0
0.0000      	0000	0.0000      	0
0.0000      	0000	0.0000      	0
0.0000      	0000	0.0000      	0
0.0000      	0000	0.0000      	0
0.0000      	0000	0.0000      	0
0.0000      	0000	0.0000      	0
0.0000      	0000	0.0000      	0
0.0000      	0000	0.0000      	0
0.0000      	0000	0.0000      	0
0.0000      	0000	0.0000      	0
0.0000      	0000	0.0000      	0
0.0000      	0000	0.0000      	0
0.0000      	0000	0.0000      	0
0.0000      	0000	0.0000      	0
0.0000      	0000	0.0000      	0
0.0000      	0000	0.0000      	0
0.0000      	0000	0.0000      	0
0.0000      	0000	0.0000      	0
0.0000      	0000	0.0000      	0
0.0000      	0000	0.0000      	0
0.0000      	0000	0.0000      	0
0.0000      	0000	0.0000      	0
0.0000      	0000	0.0000      	0
23.7124     	0000	139.6893    	38
23.7777     	0000	139.6255    	49
23.8507     	0000	139.6248    	46
23.9217     	0000	139.6084    	35
0.0000      	0000	0.0000      	0
0.0000      	0000	0.0000      	0
0.0000      	0000	0.0000      	0
0.0000      	0000	0.0000      	0
0.0000      	0000	0.0000      	0
0.0000      	0000	0.0000      	0
0.0000      	0000	0.0000      	0
0.0000      	0000	0.0000      	0
0.0000      	0000	0.0000      	0
0.0000      	0000	0.0000      	0
0.0000      	0000	0.0000      	0
0.0000      	0000	0.0000      	0
0.0000      	0000	0.0000      	0
0.0000      	0000	0.0000      	0
0.0000      	0000	0.0000      	0
24.7208     	0000	136.6957    	37
24.7927     	0000	136.6950    	35
0.0000      	0000	0.0000      	0
0.0000      	0000	0.0000      	0
0.0000      	0000	0.0000      	0
0.0000      	0000	0.0000      	0
0.0000      	0000	0.0000      	0
0.0000      	0000	0.0000      	0
0.0000      	0000	0.0000      	0
0.0000      	0000	0.0000      	0
0.0000      	0000	0.0000      	0
0.0000      	0000	0.0000      	0
0.0000      	0000	0.0000      	0
0.0000      	0000	0.0000      	0
0.0000      	0000	0.0000      	0
0.0000      	0000	0.0000      	0
0.0000      	0000	0.0000      	0
0.0000      	0000	0.0000      	0
0.0000      	0000	0.0000      	0
0.0000      	0000	0.0000      	0
0.0000      	0000	0.0000      	0
0.0000      	0000	0.0000      	0
0.0000      	0000	0.0000      	0
0.0000      	0000	0.0000      	0
0.0000      	0000	0.0000      	0
0.0000      	0000	0.0000      	0
0.0000      	0000	0.0000      	0
0.0000      	0000	0.0000      	0
0.0000      	0000	0.0000      	0
0.0000      	0000	0.0000      	0
0.0000      	0000	0.0000      	0
0.0000      	0000	0.0000      	0
0.0000      	0000	0.0000      	0
0.0000      	0000	0.0000      	0
0.0000      	0000	0.0000      	0
0.0000      	0000	0.0000      	0
0.0000      	0000	0.0000      	0
0.0000      	0000	0.0000      	0
0.0000      	0000	0.0000      	0
0.0000      	0000	0.0000      	0
0.0000      	0000	0.0000      	0
0.0000      	0000	0.0000      	0
0.0000      	0000	0.0000      	0
0.0000      	0000	0.0000      	0
0.0000      	0000	0.0000      	0
0.0000      	0000	0.0000      	0
0.0000      	0000	0.0000      	0
0.0000      	0000	0.0000      	0
0.0000      	0000	0.0000      	0
0.0000      	0000	0.0000      	0
0.0000      	0000	0.0000      	0
0.0000      	0000	0.0000      	0
0.0000      	0000	0.0000      	0
0.0000      	0000	0.0000      	0
0.0000      	0000	0.0000      	0
0.0000      	0000	0.0000      	0
0.0000      	0000	0.0000      	0
0.0000      	0000	0.0000      	0
0.0000      	0000	0.0000      	0
0.0000      	0000	0.0000      	0
0.0000      	0000	0.0000      	0
0.0000      	0000	0.0000      	0
0.0000      	0000	0.0000      	0
0.0000      	0000	0.0000      	0
0.0000      	0000	0.0000      	0
0.0000      	0000	0.0000      	0
0.0000      	0000	0.0000      	0
0.0000      	0000	0.0000      	0
0.0000      	0000	0.0000      	0
0.0000      	0000	0.0000      	0
0.0000      	0000	0.0000      	0
0.0000      	0000	0.0000      	0
0.0000      	0000	0.0000      	0
0.0000      	0000	0.0000      	0
0.0000      	0000	0.0000      	0
28.8502     	0000	128.4190    	36
28.9076     	0000	128.3432    	35
0.0000      	0000	0.0000      	0
0.0000      	0000	0.0000      	0
0.0000      	0000	0.0000      	0
0.0000      	0000	0.0000      	0
0.0000      	0000	0.0000      	0
0.0000      	0000	0.0000      	0
0.0000      	0000	0.0000      	0
0.0000      	0000	0.0000      	0
0.0000      	0000	0.0000      	0
0.0000      	0000	0.0000      	0
0.0000      	0000	0.0000      	0
0.0000      	0000	0.0000      	0
0.0000      	0000	0.0000      	0
0.0000      	0000	0.0000      	0
0.0000      	0000	0.0000      	0
0.0000      	0000	0.0000      	0
0.0000      	0000	0.0000      	0
0.0000      	0000	0.0000      	0
0.0000      	0000	0.0000      	0
0.0000      	0000	0.0000      	0
0.0000      	0000	0.0000      	0
0.0000      	0000	0.0000      	0
0.0000      	0000	0.0000      	0
0.0000      	0000	0.0000      	0
0.0000      	0000	0.0000      	0
0.0000      	0000	0.0000      	0
0.0000      	0000	0.0000      	0
0.0000      	0000	0.0000      	0
0.0000      	0000	0.0000      	0
0.0000      	0000	0.0000      	0
0.0000      	0000	0.0000      	0
0.0000      	0000	0.0000      	0
0.0000      	0000	0.0000      	0
0.0000      	0000	0.0000      	0
0.0000      	0000	0.0000      	0
0.0000      	0000	0.0000      	0
0.0000      	0000	0.0000      	0
0.0000      	0000	0.0000      	0
0.0000      	0000	0.0000      	0
0.0000      	0000	0.0000      	0
0.0000      	0000	0.0000      	0
0.0000      	0000	0.0000      	0
0.0000      	0000	0.0000      	0
0.0000      	0000	0.0000      	0
0.0000      	0000	0.0000      	0
0.0000      	0000	0.0000      	0
0.0000      	0000	0.0000      	0
0.0000      	0000	0.0000      	0
0.0000      	0000	0.0000      	0
0.0000      	0000	0.0000      	0
0.0000      	0000	0.0000      	0
0.0000      	0000	0.0000      	0
0.0000      	0000	0.0000      	0
0.0000      	0000	0.0000      	0
0.0000      	0000	0.0000      	0
0.0000      	0000	0.0000      	0
0.0000      	0000	0.0000      	0
0.0000      	0000	0.0000      	0
0.0000      	0000	0.0000      	0
0.0000      	0000	0.0000      	0
0.0000      	0000	0.0000      	0
0.0000      	0000	0.0000      	0
0.0000      	0000	0.0000      	0
0.0000      	0000	0.0000      	0
0.0000      	0000	0.0000      	0
0.0000      	0000	0.0000      	0
0.0000      	0000	0.0000      	0
0.0000      	0000	0.0000      	0
0.0000      	0000	0.0000      	0
0.0000      	0000	0.0000      	0
0.0000      	0000	0.0000      	0
0.0000      	0000	0.0000      	0
0.0000      	0000	0.0000      	0
0.0000      	0000	0.0000      	0
0.0000      	0000	0.0000      	0
0.0000      	0000	0.0000      	0
0.0000      	0000	0.0000      	0
0.0000      	0000	0.0000      	0
0.0000      	0000	0.0000      	0
0.0000      	0000	0.0000      	0
0.0000      	0000	0.0000      	0
0.0000      	0000	0.0000      	0
0.0000      	0000	0.0000      	0
0.0000      	0000	0.0000      	0
0.0000      	0000	0.0000      	0
0.0000      	0000	0.0000      	0
0.0000      	0000	0.0000      	0
0.0000      	0000	0.0000      	0
0.0000      	0000	0.0000      	0
0.0000      	0000	0.0000      	0
0.0000      	0000	0.0000      	0
0.0000      	0000	0.0000      	0
0.0000      	0000	0.0000      	0
0.0000      	0000	0.0000      	0
0.0000      	0000	0.0000      	0
0.0000      	0000	0.0000      	0
0.0000      	0000	0.0000      	0
0.0000      	0000	0.0000      	0
0.0000      	0000	0.0000      	0
0.0000      	0000	0.0000      	0
0.0000      	0000	0.0000      	0
0.0000      	0000	0.0000      	0
0.0000      	0000	0.0000      	0
0.0000      	0000	0.0000      	0
0.0000      	0000	0.0000      	0
0.0000      	0000	0.0000      	0
0.0000      	0000	0.0000      	0
0.0000      	0000	0.0000      	0
0.0000      	0000	0.0000      	0
0.0000      	0000	0.0000      	0
0.0000      	0000	0.0000      	0
0.0000      	0000	0.0000      	0
0.0000      	0000	0.0000      	0
0.0000      	0000	0.0000      	0
34.5220     	0000	116.3677    	34
34.5999     	0000	116.4328    	36
34.6647     	0000	116.4320    	43
34.7175     	0000	116.3693    	58
34.7905     	0000	116.4097    	78
34.8562     	0000	116.4130    	85
34.9105     	0000	116.3586    	69
34.9737     	0000	116.3495    	55
35.0165     	0000	116.2374    	47
35.0666     	0000	116.1625    	40
0.0000      	0000	0.0000      	0
0.0000      	0000	0.0000      	0
0.0000      	0000	0.0000      	0
0.0000      	0000	0.0000      	0
0.0000      	0000	0.0000      	0
0.0000      	0000	0.0000      	0
0.0000      	0000	0.0000      	0
0.0000      	0000	0.0000      	0
0.0000      	0000	0.0000      	0
0.0000      	0000	0.0000      	0
0.0000      	0000	0.0000      	0
0.0000      	0000	0.0000      	0
0.0000      	0000	0.0000      	0
0.0000      	0000	0.0000      	0
0.0000      	0000	0.0000      	0
0.0000      	0000	0.0000      	0
0.0000      	0000	0.0000      	0
0.0000      	0000	0.0000      	0
0.0000      	0000	0.0000      	0
0.0000      	0000	0.0000      	0
0.0000      	0000	0.0000      	0
0.0000      	0000	0.0000      	0
0.0000      	0000	0.0000      	0
0.0000      	0000	0.0000      	0
0.0000      	0000	0.0000      	0
0.0000      	0000	0.0000      	0
0.0000      	0000	0.0000      	0
0.0000      	0000	0.0000      	0
0.0000      	0000	0.0000      	0
0.0000      	0000	0.0000      	0
0.0000      	0000	0.0000      	0
0.0000      	0000	0.0000      	0
0.0000      	0000	0.0000      	0
0.0000      	0000	0.0000      	0
0.0000      	0000	0.0000      	0
0.0000      	0000	0.0000      	0
0.0000      	0000	0.0000      	0
0.0000      	0000	0.0000      	0
0.0000      	0000	0.0000      	0
0.0000      	0000	0.0000      	0
0.0000      	0000	0.0000      	0
0.0000      	0000	0.0000      	0
0.0000      	0000	0.0000      	0
0.0000      	0000	0.0000      	0
0.0000      	0000	0.0000      	0
0.0000      	0000	0.0000      	0
0.0000      	0000	0.0000      	0
0.0000      	0000	0.0000      	0
0.0000      	0000	0.0000      	0
0.0000      	0000	0.0000      	0
0.0000      	0000	0.0000      	0
0.0000      	0000	0.0000      	0
0.0000      	0000	0.0000      	0
0.0000      	0000	0.0000      	0
0.0000      	0000	0.0000      	0
0.0000      	0000	0.0000      	0
0.0000      	0000	0.0000      	0
0.0000      	0000	0.0000      	0
0.0000      	0000	0.0000      	0
0.0000      	0000	0.0000      	0
0.0000      	0000	0.0000      	0
0.0000      	0000	0.0000      	0
0.0000      	0000	0.0000      	0
0.0000      	0000	0.0000      	0
0.0000      	0000	0.0000      	0
0.0000      	0000	0.0000      	0
0.0000      	0000	0.0000      	0
0.0000      	0000	0.0000      	0
0.0000      	0000	0.0000      	0
0.0000      	0000	0.0000      	0
0.0000      	0000	0.0000      	0
0.0000      	0000	0.0000      	0
0.0000      	0000	0.0000      	0
0.0000      	0000	0.0000      	0
0.0000      	0000	0.0000      	0
0.0000      	0000	0.0000      	0
0.0000      	0000	0.0000      	0
0.0000      	0000	0.0000      	0
0.0000      	0000	0.0000      	0
0.0000      	0000	0.0000      	0
0.0000      	0000	0.0000      	0
0.0000      	0000	0.0000      	0
0.0000      	0000	0.0000      	0
0.0000      	0000	0.0000      	0
0.0000      	0000	0.0000      	0
0.0000      	0000	0.0000      	0
0.0000      	0000	0.0000      	0
0.0000      	0000	0.0000      	0
0.0000      	0000	0.0000      	0
0.0000      	0000	0.0000      	0
0.0000      	0000	0.0000      	0
0.0000      	0000	0.0000      	0
0.0000      	0000	0.0000      	0
0.0000      	0000	0.0000      	0
0.0000      	0000	0.0000      	0
0.0000      	0000	0.0000      	0
0.0000      	0000	0.0000      	0
0.0000      	0000	0.0000      	0
