X	Y	Z	I
-45.7492    	0000	136.3668    	746
-45.6802    	0000	136.3820    	734
-45.6229    	0000	136.4484    	793
-45.5644    	0000	136.5098    	731
-45.4989    	0000	136.5404    	735
-45.4403    	0000	136.6018    	803
-45.3840    	0000	136.6735    	730
-45.3207    	0000	136.7144    	728
-45.2608    	0000	136.7707    	797
-45.2033    	0000	136.8374    	741
-45.1387    	0000	136.8733    	734
-45.0776    	0000	136.9246    	764
-45.0211    	0000	136.9964    	688
-44.9600    	0000	137.0478    	708
-44.9023    	0000	137.1146    	791
-44.8422    	0000	137.1712    	727
-44.7775    	0000	137.2072    	717
-44.7197    	0000	137.2741    	785
-44.6595    	0000	137.3307    	743
-44.5947    	0000	137.3667    	752
-44.5368    	0000	137.4338    	811
-44.4788    	0000	137.5008    	725
-44.4140    	0000	137.5369    	725
-44.3537    	0000	137.5937    	804
-44.2956    	0000	137.6609    	720
-44.2307    	0000	137.6970    	714
-44.1725    	0000	137.7642    	791
-44.1167    	0000	137.8418    	734
-44.0596    	0000	137.9144    	813
-44.0014    	0000	137.9817    	762
-43.9374    	0000	138.0231    	765
-43.8780    	0000	138.0854    	812
-43.8106    	0000	138.1112    	788
-43.7511    	0000	138.1735    	717
-43.6949    	0000	138.2515    	773
-43.6376    	0000	138.3242    	713
-43.5814    	0000	138.4023    	800
-43.5240    	0000	138.4752    	751
-43.4587    	0000	138.5116    	751
-43.3990    	0000	138.5741    	813
-43.3427    	0000	138.6523    	756
-43.2784    	0000	138.6940    	757
-43.2197    	0000	138.7618    	818
-43.1621    	0000	138.8350    	753
-43.0978    	0000	138.8767    	744
-43.0457    	0000	138.9761    	743
-42.9801    	0000	139.0127    	740
-42.9224    	0000	139.0860    	793
-42.8657    	0000	139.1646    	743
-42.8035    	0000	139.2170    	737
-42.7512    	0000	139.3167    	717
-42.6866    	0000	139.3586    	716
-42.6276    	0000	139.4269    	794
-42.5718    	0000	139.5110    	753
-42.5149    	0000	139.5899    	830
-42.4547    	0000	139.6531    	767
-42.3877    	0000	139.6846    	768
-42.3274    	0000	139.7478    	819
-42.2681    	0000	139.8163    	745
-42.2033    	0000	139.8584    	739
-42.1440    	0000	139.9270    	794
-42.0846    	0000	139.9956    	712
-42.0286    	0000	140.0802    	779
-41.9713    	0000	140.1595    	742
-41.9075    	0000	140.2070    	750
-41.8479    	0000	140.2758    	814
-41.7895    	0000	140.3500    	754
-41.7310    	0000	140.4242    	805
-41.6747    	0000	140.5091    	726
-41.6172    	0000	140.5888    	804
-41.5586    	0000	140.6632    	756
-41.4945    	0000	140.7109    	738
-41.4369    	0000	140.7907    	796
-41.3760    	0000	140.8546    	743
-41.3107    	0000	140.8971    	761
-41.2585    	0000	141.0037    	778
-41.1942    	0000	141.0517    	773
-41.1429    	0000	141.1638    	769
-41.0797    	0000	141.2172    	750
-41.0207    	0000	141.2920    	792
-40.9639    	0000	141.3776    	722
-40.9070    	0000	141.4633    	801
-40.8479    	0000	141.5383    	740
-40.7888    	0000	141.6133    	789
-40.7296    	0000	141.6884    	724
-40.6640    	0000	141.7312    	735
-40.6048    	0000	141.8064    	802
-40.5487    	0000	141.8978    	722
-40.4915    	0000	141.9839    	775
-40.4311    	0000	142.0539    	703
-40.3717    	0000	142.1293    	774
-40.3133    	0000	142.2101    	742
-40.2506    	0000	142.2694    	744
-40.1975    	0000	142.3775    	732
-40.1315    	0000	142.4206    	743
-40.0719    	0000	142.4963    	814
-40.0155    	0000	142.5883    	756
-39.9579    	0000	142.6749    	817
-39.8982    	0000	142.7508    	731
-39.8384    	0000	142.8267    	788
-39.7817    	0000	142.9190    	729
-39.7250    	0000	143.0113    	785
-39.6672    	0000	143.0983    	726
-39.6073    	0000	143.1745    	795
-39.5462    	0000	143.2452    	721
-39.4831    	0000	143.3051    	722
-39.4314    	0000	143.4252    	734
-39.3650    	0000	143.4687    	747
-39.3111    	0000	143.5780    	755
-39.2488    	0000	143.6435    	753
-39.1969    	0000	143.7640    	747
-39.1334    	0000	143.8241    	749
-39.0804    	0000	143.9393    	740
-39.0158    	0000	143.9941    	734
-38.9565    	0000	144.0764    	795
-38.8981    	0000	144.1642    	727
-38.8386    	0000	144.2467    	797
-38.7801    	0000	144.3347    	744
-38.7195    	0000	144.4117    	822
-38.6609    	0000	144.4999    	749
-38.6033    	0000	144.5937    	814
-38.5467    	0000	144.6931    	755
-38.4879    	0000	144.7815    	803
-38.4281    	0000	144.8644    	721
-38.3683    	0000	144.9474    	795
-38.3094    	0000	145.0360    	742
-38.2505    	0000	145.1246    	816
-38.1925    	0000	145.2190    	741
-38.1335    	0000	145.3078    	804
-38.0755    	0000	145.4023    	736
-38.0235    	0000	145.5304    	726
-37.9613    	0000	145.6027    	722
-37.9092    	0000	145.7310    	722
-37.8520    	0000	145.8315    	796
-37.7927    	0000	145.9208    	740
-37.7333    	0000	146.0102    	792
-37.6749    	0000	146.1054    	718
-37.6154    	0000	146.1949    	792
-37.5559    	0000	146.2846    	738
-37.4973    	0000	146.3799    	806
-37.4387    	0000	146.4754    	729
-37.3861    	0000	146.6048    	731
-37.3224    	0000	146.6722    	728
-37.2707    	0000	146.8074    	734
-37.2119    	0000	146.9033    	820
-37.1500    	0000	146.9822    	757
-37.0910    	0000	147.0781    	802
-37.0321    	0000	147.1742    	711
-36.9740    	0000	147.2760    	764
-36.9170    	0000	147.3837    	703
-36.8648    	0000	147.5198    	714
-36.8066    	0000	147.6220    	763
-36.7464    	0000	147.7128    	687
-36.6871    	0000	147.8095    	763
-36.6297    	0000	147.9176    	711
-36.5713    	0000	148.0201    	782
-36.5129    	0000	148.1228    	716
-36.4583    	0000	148.2484    	708
-36.4017    	0000	148.3628    	758
-36.3461    	0000	148.4829    	685
-36.2913    	0000	148.6090    	685
-36.2326    	0000	148.7122    	753
-36.1738    	0000	148.8155    	692
-36.1149    	0000	148.9189    	769
-36.0570    	0000	149.0281    	700
-36.0039    	0000	149.1664    	689
-35.9458    	0000	149.2759    	762
-35.8887    	0000	149.3913    	702
-35.8364    	0000	149.5359    	698
-35.7772    	0000	149.6399    	760
-35.7179    	0000	149.7441    	703
-35.6576    	0000	149.8426    	784
-35.6012    	0000	149.9644    	714
-35.5486    	0000	150.1097    	704
-35.4910    	0000	150.2260    	772
-35.4314    	0000	150.3307    	693
-35.3767    	0000	150.4648    	671
-35.3218    	0000	150.5991    	711
-35.2689    	0000	150.7452    	721
-35.2110    	0000	150.8622    	677
-35.1531    	0000	150.9793    	761
-35.0999    	0000	151.1259    	767
-35.0409    	0000	151.2374    	676
-34.9885    	0000	151.3903    	658
-34.9323    	0000	151.5198    	730
-34.8750    	0000	151.6435    	670
-34.8195    	0000	151.7792    	664
-34.7582    	0000	151.8795    	735
-34.7007    	0000	152.0036    	659
-34.6489    	0000	152.1636    	650
-34.5922    	0000	152.2940    	716
-34.5413    	0000	152.4603    	727
-34.4835    	0000	152.5850    	656
-34.4295    	0000	152.7339    	640
-34.3706    	0000	152.8530    	690
-34.3183    	0000	153.0141    	681
-34.2612    	0000	153.1455    	620
-34.2088    	0000	153.3071    	619
-34.1497    	0000	153.4269    	682
-34.0971    	0000	153.5889    	670
-34.0426    	0000	153.7391    	607
-33.9899    	0000	153.9016    	622
-33.9314    	0000	154.0280    	700
-33.8776    	0000	154.1848    	674
-33.8237    	0000	154.3419    	645
-33.7688    	0000	154.4931    	584
-33.7195    	0000	154.6811    	588
-33.6607    	0000	154.8084    	649
-33.6084    	0000	154.9785    	653
-33.5569    	0000	155.1551    	646
-33.5044    	0000	155.3258    	635
-33.4472    	0000	155.4661    	588
-33.3927    	0000	155.6250    	590
-33.3362    	0000	155.7719    	633
-33.2862    	0000	155.9620    	626
-33.2352    	0000	156.1464    	621
-33.1860    	0000	156.3433    	624
-33.1358    	0000	156.5345    	627
-33.0836    	0000	156.7135    	602
-33.0257    	0000	156.8556    	508
-32.9752    	0000	157.0477    	478
-32.9256    	0000	157.2463    	498
-32.8656    	0000	157.3766    	591
-32.8121    	0000	157.5508    	584
-32.7640    	0000	157.7628    	552
-32.7141    	0000	157.9627    	541
-32.6630    	0000	158.1567    	561
-32.6120    	0000	158.3510    	585
-32.5617    	0000	158.5519    	564
-32.5188    	0000	158.8038    	484
-32.4702    	0000	159.0182    	488
-32.4197    	0000	159.2204    	497
-32.3718    	0000	159.4420    	478
-32.3276    	0000	159.6895    	502
-32.2768    	0000	159.8929    	475
-32.2277    	0000	160.1095    	456
-32.1786    	0000	160.3264    	441
-32.1330    	0000	160.5695    	431
-32.0855    	0000	160.8002    	440
-32.0351    	0000	161.0121    	445
-31.9911    	0000	161.2695    	388
-31.9517    	0000	161.5600    	419
-31.9065    	0000	161.8122    	408
-31.8567    	0000	162.0325    	367
-31.8150    	0000	162.3119    	302
-31.7761    	0000	162.6115    	318
-31.7287    	0000	162.8530    	326
-31.6867    	0000	163.1344    	300
-31.6456    	0000	163.4231    	314
-31.6080    	0000	163.7390    	264
-31.5740    	0000	164.0822    	267
-31.5279    	0000	164.3401    	252
-31.4947    	0000	164.6918    	233
-31.4576    	0000	165.0179    	194
-31.4269    	0000	165.3918    	202
-31.3988    	0000	165.7871    	219
-31.3586    	0000	166.0961    	201
-31.3239    	0000	166.4465    	183
-31.2992    	0000	166.8726    	151
-31.2753    	0000	167.3072    	126
-31.2690    	0000	167.8734    	111
-31.2449    	0000	168.3117    	113
-31.2170    	0000	168.7242    	102
-31.1956    	0000	169.1866    	80
-31.1861    	0000	169.7413    	61
-31.2188    	0000	170.6139    	48
-31.1999    	0000	171.1051    	42
0.0000      	0000	0.0000      	0
0.0000      	0000	0.0000      	0
0.0000      	0000	0.0000      	0
0.0000      	0000	0.0000      	0
0.0000      	0000	0.0000      	0
0.0000      	0000	0.0000      	0
0.0000      	0000	0.0000      	0
0.0000      	0000	0.0000      	0
0.0000      	0000	0.0000      	0
0.0000      	0000	0.0000      	0
0.0000      	0000	0.0000      	0
0.0000      	0000	0.0000      	0
0.0000      	0000	0.0000      	0
0.0000      	0000	0.0000      	0
0.0000      	0000	0.0000      	0
0.0000      	0000	0.0000      	0
0.0000      	0000	0.0000      	0
0.0000      	0000	0.0000      	0
0.0000      	0000	0.0000      	0
0.0000      	0000	0.0000      	0
0.0000      	0000	0.0000      	0
0.0000      	0000	0.0000      	0
0.0000      	0000	0.0000      	0
0.0000      	0000	0.0000      	0
0.0000      	0000	0.0000      	0
0.0000      	0000	0.0000      	0
0.0000      	0000	0.0000      	0
0.0000      	0000	0.0000      	0
0.0000      	0000	0.0000      	0
0.0000      	0000	0.0000      	0
0.0000      	0000	0.0000      	0
0.0000      	0000	0.0000      	0
0.0000      	0000	0.0000      	0
0.0000      	0000	0.0000      	0
0.0000      	0000	0.0000      	0
0.0000      	0000	0.0000      	0
0.0000      	0000	0.0000      	0
0.0000      	0000	0.0000      	0
0.0000      	0000	0.0000      	0
0.0000      	0000	0.0000      	0
0.0000      	0000	0.0000      	0
0.0000      	0000	0.0000      	0
0.0000      	0000	0.0000      	0
0.0000      	0000	0.0000      	0
0.0000      	0000	0.0000      	0
0.0000      	0000	0.0000      	0
0.0000      	0000	0.0000      	0
0.0000      	0000	0.0000      	0
0.0000      	0000	0.0000      	0
0.0000      	0000	0.0000      	0
0.0000      	0000	0.0000      	0
0.0000      	0000	0.0000      	0
0.0000      	0000	0.0000      	0
0.0000      	0000	0.0000      	0
0.0000      	0000	0.0000      	0
0.0000      	0000	0.0000      	0
0.0000      	0000	0.0000      	0
0.0000      	0000	0.0000      	0
0.0000      	0000	0.0000      	0
0.0000      	0000	0.0000      	0
0.0000      	0000	0.0000      	0
0.0000      	0000	0.0000      	0
0.0000      	0000	0.0000      	0
0.0000      	0000	0.0000      	0
0.0000      	0000	0.0000      	0
0.0000      	0000	0.0000      	0
0.0000      	0000	0.0000      	0
0.0000      	0000	0.0000      	0
0.0000      	0000	0.0000      	0
0.0000      	0000	0.0000      	0
0.0000      	0000	0.0000      	0
0.0000      	0000	0.0000      	0
0.0000      	0000	0.0000      	0
0.0000      	0000	0.0000      	0
0.0000      	0000	0.0000      	0
0.0000      	0000	0.0000      	0
0.0000      	0000	0.0000      	0
0.0000      	0000	0.0000      	0
0.0000      	0000	0.0000      	0
0.0000      	0000	0.0000      	0
0.0000      	0000	0.0000      	0
0.0000      	0000	0.0000      	0
0.0000      	0000	0.0000      	0
0.0000      	0000	0.0000      	0
0.0000      	0000	0.0000      	0
0.0000      	0000	0.0000      	0
0.0000      	0000	0.0000      	0
0.0000      	0000	0.0000      	0
0.0000      	0000	0.0000      	0
0.0000      	0000	0.0000      	0
0.0000      	0000	0.0000      	0
0.0000      	0000	0.0000      	0
0.0000      	0000	0.0000      	0
0.0000      	0000	0.0000      	0
0.0000      	0000	0.0000      	0
0.0000      	0000	0.0000      	0
0.0000      	0000	0.0000      	0
0.0000      	0000	0.0000      	0
0.0000      	0000	0.0000      	0
0.0000      	0000	0.0000      	0
0.0000      	0000	0.0000      	0
0.0000      	0000	0.0000      	0
0.0000      	0000	0.0000      	0
0.0000      	0000	0.0000      	0
0.0000      	0000	0.0000      	0
0.0000      	0000	0.0000      	0
0.0000      	0000	0.0000      	0
0.0000      	0000	0.0000      	0
0.0000      	0000	0.0000      	0
0.0000      	0000	0.0000      	0
0.0000      	0000	0.0000      	0
0.0000      	0000	0.0000      	0
0.0000      	0000	0.0000      	0
0.0000      	0000	0.0000      	0
0.0000      	0000	0.0000      	0
0.0000      	0000	0.0000      	0
0.0000      	0000	0.0000      	0
0.0000      	0000	0.0000      	0
0.0000      	0000	0.0000      	0
0.0000      	0000	0.0000      	0
0.0000      	0000	0.0000      	0
0.0000      	0000	0.0000      	0
0.0000      	0000	0.0000      	0
0.0000      	0000	0.0000      	0
0.0000      	0000	0.0000      	0
0.0000      	0000	0.0000      	0
0.0000      	0000	0.0000      	0
0.0000      	0000	0.0000      	0
0.0000      	0000	0.0000      	0
0.0000      	0000	0.0000      	0
0.0000      	0000	0.0000      	0
0.0000      	0000	0.0000      	0
0.0000      	0000	0.0000      	0
0.0000      	0000	0.0000      	0
0.0000      	0000	0.0000      	0
0.0000      	0000	0.0000      	0
0.0000      	0000	0.0000      	0
0.0000      	0000	0.0000      	0
0.0000      	0000	0.0000      	0
0.0000      	0000	0.0000      	0
0.0000      	0000	0.0000      	0
0.0000      	0000	0.0000      	0
0.0000      	0000	0.0000      	0
0.0000      	0000	0.0000      	0
0.0000      	0000	0.0000      	0
0.0000      	0000	0.0000      	0
0.0000      	0000	0.0000      	0
0.0000      	0000	0.0000      	0
0.0000      	0000	0.0000      	0
0.0000      	0000	0.0000      	0
0.0000      	0000	0.0000      	0
0.0000      	0000	0.0000      	0
0.0000      	0000	0.0000      	0
0.0000      	0000	0.0000      	0
0.0000      	0000	0.0000      	0
0.0000      	0000	0.0000      	0
0.0000      	0000	0.0000      	0
0.0000      	0000	0.0000      	0
0.0000      	0000	0.0000      	0
0.0000      	0000	0.0000      	0
0.0000      	0000	0.0000      	0
0.0000      	0000	0.0000      	0
0.0000      	0000	0.0000      	0
0.0000      	0000	0.0000      	0
0.0000      	0000	0.0000      	0
0.0000      	0000	0.0000      	0
0.0000      	0000	0.0000      	0
0.0000      	0000	0.0000      	0
0.0000      	0000	0.0000      	0
0.0000      	0000	0.0000      	0
0.0000      	0000	0.0000      	0
0.0000      	0000	0.0000      	0
0.0000      	0000	0.0000      	0
0.0000      	0000	0.0000      	0
0.0000      	0000	0.0000      	0
0.0000      	0000	0.0000      	0
0.0000      	0000	0.0000      	0
0.0000      	0000	0.0000      	0
0.0000      	0000	0.0000      	0
0.0000      	0000	0.0000      	0
0.0000      	0000	0.0000      	0
0.0000      	0000	0.0000      	0
0.0000      	0000	0.0000      	0
0.0000      	0000	0.0000      	0
0.0000      	0000	0.0000      	0
0.0000      	0000	0.0000      	0
0.0000      	0000	0.0000      	0
0.0000      	0000	0.0000      	0
0.0000      	0000	0.0000      	0
0.0000      	0000	0.0000      	0
0.0000      	0000	0.0000      	0
0.0000      	0000	0.0000      	0
0.0000      	0000	0.0000      	0
0.0000      	0000	0.0000      	0
0.0000      	0000	0.0000      	0
0.0000      	0000	0.0000      	0
0.0000      	0000	0.0000      	0
0.0000      	0000	0.0000      	0
0.0000      	0000	0.0000      	0
0.0000      	0000	0.0000      	0
0.0000      	0000	0.0000      	0
0.0000      	0000	0.0000      	0
0.0000      	0000	0.0000      	0
0.0000      	0000	0.0000      	0
0.0000      	0000	0.0000      	0
0.0000      	0000	0.0000      	0
0.0000      	0000	0.0000      	0
0.0000      	0000	0.0000      	0
0.0000      	0000	0.0000      	0
0.0000      	0000	0.0000      	0
0.0000      	0000	0.0000      	0
0.0000      	0000	0.0000      	0
0.0000      	0000	0.0000      	0
0.0000      	0000	0.0000      	0
0.0000      	0000	0.0000      	0
0.0000      	0000	0.0000      	0
0.0000      	0000	0.0000      	0
0.0000      	0000	0.0000      	0
0.0000      	0000	0.0000      	0
0.0000      	0000	0.0000      	0
0.0000      	0000	0.0000      	0
0.0000      	0000	0.0000      	0
0.0000      	0000	0.0000      	0
0.0000      	0000	0.0000      	0
0.0000      	0000	0.0000      	0
0.0000      	0000	0.0000      	0
0.0000      	0000	0.0000      	0
0.0000      	0000	0.0000      	0
0.0000      	0000	0.0000      	0
0.0000      	0000	0.0000      	0
0.0000      	0000	0.0000      	0
0.0000      	0000	0.0000      	0
0.0000      	0000	0.0000      	0
0.0000      	0000	0.0000      	0
0.0000      	0000	0.0000      	0
0.0000      	0000	0.0000      	0
0.0000      	0000	0.0000      	0
0.0000      	0000	0.0000      	0
0.0000      	0000	0.0000      	0
0.0000      	0000	0.0000      	0
0.0000      	0000	0.0000      	0
0.0000      	0000	0.0000      	0
0.0000      	0000	0.0000      	0
0.0000      	0000	0.0000      	0
0.0000      	0000	0.0000      	0
0.0000      	0000	0.0000      	0
0.0000      	0000	0.0000      	0
0.0000      	0000	0.0000      	0
0.0000      	0000	0.0000      	0
0.0000      	0000	0.0000      	0
0.0000      	0000	0.0000      	0
0.0000      	0000	0.0000      	0
0.0000      	0000	0.0000      	0
0.0000      	0000	0.0000      	0
0.0000      	0000	0.0000      	0
0.0000      	0000	0.0000      	0
0.0000      	0000	0.0000      	0
0.0000      	0000	0.0000      	0
0.0000      	0000	0.0000      	0
0.0000      	0000	0.0000      	0
0.0000      	0000	0.0000      	0
0.0000      	0000	0.0000      	0
0.0000      	0000	0.0000      	0
0.0000      	0000	0.0000      	0
0.0000      	0000	0.0000      	0
0.0000      	0000	0.0000      	0
0.0000      	0000	0.0000      	0
0.0000      	0000	0.0000      	0
0.0000      	0000	0.0000      	0
0.0000      	0000	0.0000      	0
-9.7492     	0000	211.5778    	33
-9.6501     	0000	211.5768    	35
0.0000      	0000	0.0000      	0
0.0000      	0000	0.0000      	0
0.0000      	0000	0.0000      	0
0.0000      	0000	0.0000      	0
0.0000      	0000	0.0000      	0
0.0000      	0000	0.0000      	0
0.0000      	0000	0.0000      	0
0.0000      	0000	0.0000      	0
0.0000      	0000	0.0000      	0
0.0000      	0000	0.0000      	0
0.0000      	0000	0.0000      	0
0.0000      	0000	0.0000      	0
0.0000      	0000	0.0000      	0
0.0000      	0000	0.0000      	0
0.0000      	0000	0.0000      	0
0.0000      	0000	0.0000      	0
0.0000      	0000	0.0000      	0
0.0000      	0000	0.0000      	0
0.0000      	0000	0.0000      	0
0.0000      	0000	0.0000      	0
0.0000      	0000	0.0000      	0
0.0000      	0000	0.0000      	0
0.0000      	0000	0.0000      	0
0.0000      	0000	0.0000      	0
0.0000      	0000	0.0000      	0
0.0000      	0000	0.0000      	0
0.0000      	0000	0.0000      	0
0.0000      	0000	0.0000      	0
0.0000      	0000	0.0000      	0
0.0000      	0000	0.0000      	0
0.0000      	0000	0.0000      	0
0.0000      	0000	0.0000      	0
0.0000      	0000	0.0000      	0
0.0000      	0000	0.0000      	0
0.0000      	0000	0.0000      	0
0.0000      	0000	0.0000      	0
0.0000      	0000	0.0000      	0
-5.7116     	0000	202.9580    	31
-5.6103     	0000	202.6841    	34
-5.5144     	0000	202.6740    	34
0.0000      	0000	0.0000      	0
-5.3092     	0000	201.9469    	36
-5.2134     	0000	201.9279    	47
-5.1178     	0000	201.9179    	40
-5.0175     	0000	201.6461    	31
0.0000      	0000	0.0000      	0
0.0000      	0000	0.0000      	0
0.0000      	0000	0.0000      	0
0.0000      	0000	0.0000      	0
0.0000      	0000	0.0000      	0
0.0000      	0000	0.0000      	0
0.0000      	0000	0.0000      	0
0.0000      	0000	0.0000      	0
0.0000      	0000	0.0000      	0
0.0000      	0000	0.0000      	0
0.0000      	0000	0.0000      	0
0.0000      	0000	0.0000      	0
0.0000      	0000	0.0000      	0
0.0000      	0000	0.0000      	0
0.0000      	0000	0.0000      	0
0.0000      	0000	0.0000      	0
0.0000      	0000	0.0000      	0
0.0000      	0000	0.0000      	0
0.0000      	0000	0.0000      	0
0.0000      	0000	0.0000      	0
0.0000      	0000	0.0000      	0
0.0000      	0000	0.0000      	0
0.0000      	0000	0.0000      	0
0.0000      	0000	0.0000      	0
0.0000      	0000	0.0000      	0
0.0000      	0000	0.0000      	0
0.0000      	0000	0.0000      	0
0.0000      	0000	0.0000      	0
0.0000      	0000	0.0000      	0
0.0000      	0000	0.0000      	0
0.0000      	0000	0.0000      	0
0.0000      	0000	0.0000      	0
0.0000      	0000	0.0000      	0
0.0000      	0000	0.0000      	0
0.0000      	0000	0.0000      	0
0.0000      	0000	0.0000      	0
0.0000      	0000	0.0000      	0
0.0000      	0000	0.0000      	0
0.0000      	0000	0.0000      	0
0.0000      	0000	0.0000      	0
0.0000      	0000	0.0000      	0
0.0000      	0000	0.0000      	0
0.0000      	0000	0.0000      	0
0.0000      	0000	0.0000      	0
0.0000      	0000	0.0000      	0
0.0000      	0000	0.0000      	0
0.0000      	0000	0.0000      	0
0.0000      	0000	0.0000      	0
0.0000      	0000	0.0000      	0
0.0000      	0000	0.0000      	0
0.0000      	0000	0.0000      	0
0.0000      	0000	0.0000      	0
0.0000      	0000	0.0000      	0
0.0000      	0000	0.0000      	0
0.0000      	0000	0.0000      	0
0.0000      	0000	0.0000      	0
0.3860      	0000	189.7509    	32
0.0000      	0000	0.0000      	0
0.5667      	0000	189.3555    	32
0.6570      	0000	189.2237    	35
0.0000      	0000	0.0000      	0
0.0000      	0000	0.0000      	0
0.0000      	0000	0.0000      	0
0.0000      	0000	0.0000      	0
0.0000      	0000	0.0000      	0
0.0000      	0000	0.0000      	0
0.0000      	0000	0.0000      	0
0.0000      	0000	0.0000      	0
0.0000      	0000	0.0000      	0
0.0000      	0000	0.0000      	0
0.0000      	0000	0.0000      	0
0.0000      	0000	0.0000      	0
0.0000      	0000	0.0000      	0
0.0000      	0000	0.0000      	0
0.0000      	0000	0.0000      	0
0.0000      	0000	0.0000      	0
0.0000      	0000	0.0000      	0
0.0000      	0000	0.0000      	0
0.0000      	0000	0.0000      	0
0.0000      	0000	0.0000      	0
0.0000      	0000	0.0000      	0
0.0000      	0000	0.0000      	0
0.0000      	0000	0.0000      	0
0.0000      	0000	0.0000      	0
0.0000      	0000	0.0000      	0
0.0000      	0000	0.0000      	0
0.0000      	0000	0.0000      	0
0.0000      	0000	0.0000      	0
0.0000      	0000	0.0000      	0
0.0000      	0000	0.0000      	0
3.3835      	0000	183.3209    	35
3.4684      	0000	183.0709    	34
0.0000      	0000	0.0000      	0
0.0000      	0000	0.0000      	0
0.0000      	0000	0.0000      	0
0.0000      	0000	0.0000      	0
0.0000      	0000	0.0000      	0
0.0000      	0000	0.0000      	0
0.0000      	0000	0.0000      	0
0.0000      	0000	0.0000      	0
0.0000      	0000	0.0000      	0
0.0000      	0000	0.0000      	0
0.0000      	0000	0.0000      	0
0.0000      	0000	0.0000      	0
0.0000      	0000	0.0000      	0
0.0000      	0000	0.0000      	0
0.0000      	0000	0.0000      	0
0.0000      	0000	0.0000      	0
0.0000      	0000	0.0000      	0
0.0000      	0000	0.0000      	0
0.0000      	0000	0.0000      	0
0.0000      	0000	0.0000      	0
0.0000      	0000	0.0000      	0
0.0000      	0000	0.0000      	0
0.0000      	0000	0.0000      	0
5.4820      	0000	178.4121    	35
5.5685      	0000	178.3964    	39
5.6530      	0000	178.2983    	37
0.0000      	0000	0.0000      	0
0.0000      	0000	0.0000      	0
0.0000      	0000	0.0000      	0
0.0000      	0000	0.0000      	0
0.0000      	0000	0.0000      	0
0.0000      	0000	0.0000      	0
0.0000      	0000	0.0000      	0
0.0000      	0000	0.0000      	0
0.0000      	0000	0.0000      	0
0.0000      	0000	0.0000      	0
0.0000      	0000	0.0000      	0
0.0000      	0000	0.0000      	0
0.0000      	0000	0.0000      	0
0.0000      	0000	0.0000      	0
0.0000      	0000	0.0000      	0
0.0000      	0000	0.0000      	0
0.0000      	0000	0.0000      	0
0.0000      	0000	0.0000      	0
0.0000      	0000	0.0000      	0
0.0000      	0000	0.0000      	0
0.0000      	0000	0.0000      	0
0.0000      	0000	0.0000      	0
0.0000      	0000	0.0000      	0
0.0000      	0000	0.0000      	0
0.0000      	0000	0.0000      	0
0.0000      	0000	0.0000      	0
0.0000      	0000	0.0000      	0
0.0000      	0000	0.0000      	0
0.0000      	0000	0.0000      	0
0.0000      	0000	0.0000      	0
0.0000      	0000	0.0000      	0
0.0000      	0000	0.0000      	0
0.0000      	0000	0.0000      	0
0.0000      	0000	0.0000      	0
0.0000      	0000	0.0000      	0
0.0000      	0000	0.0000      	0
0.0000      	0000	0.0000      	0
8.7010      	0000	171.7527    	38
8.7855      	0000	171.7520    	36
0.0000      	0000	0.0000      	0
0.0000      	0000	0.0000      	0
0.0000      	0000	0.0000      	0
0.0000      	0000	0.0000      	0
0.0000      	0000	0.0000      	0
0.0000      	0000	0.0000      	0
0.0000      	0000	0.0000      	0
0.0000      	0000	0.0000      	0
0.0000      	0000	0.0000      	0
0.0000      	0000	0.0000      	0
0.0000      	0000	0.0000      	0
0.0000      	0000	0.0000      	0
0.0000      	0000	0.0000      	0
0.0000      	0000	0.0000      	0
0.0000      	0000	0.0000      	0
0.0000      	0000	0.0000      	0
0.0000      	0000	0.0000      	0
0.0000      	0000	0.0000      	0
0.0000      	0000	0.0000      	0
0.0000      	0000	0.0000      	0
0.0000      	0000	0.0000      	0
0.0000      	0000	0.0000      	0
0.0000      	0000	0.0000      	0
0.0000      	0000	0.0000      	0
0.0000      	0000	0.0000      	0
0.0000      	0000	0.0000      	0
0.0000      	0000	0.0000      	0
0.0000      	0000	0.0000      	0
0.0000      	0000	0.0000      	0
0.0000      	0000	0.0000      	0
0.0000      	0000	0.0000      	0
0.0000      	0000	0.0000      	0
0.0000      	0000	0.0000      	0
0.0000      	0000	0.0000      	0
0.0000      	0000	0.0000      	0
0.0000      	0000	0.0000      	0
0.0000      	0000	0.0000      	0
0.0000      	0000	0.0000      	0
0.0000      	0000	0.0000      	0
0.0000      	0000	0.0000      	0
0.0000      	0000	0.0000      	0
0.0000      	0000	0.0000      	0
0.0000      	0000	0.0000      	0
0.0000      	0000	0.0000      	0
0.0000      	0000	0.0000      	0
0.0000      	0000	0.0000      	0
0.0000      	0000	0.0000      	0
0.0000      	0000	0.0000      	0
0.0000      	0000	0.0000      	0
0.0000      	0000	0.0000      	0
0.0000      	0000	0.0000      	0
0.0000      	0000	0.0000      	0
0.0000      	0000	0.0000      	0
0.0000      	0000	0.0000      	0
0.0000      	0000	0.0000      	0
0.0000      	0000	0.0000      	0
0.0000      	0000	0.0000      	0
13.1022     	0000	162.0556    	34
0.0000      	0000	0.0000      	0
0.0000      	0000	0.0000      	0
0.0000      	0000	0.0000      	0
0.0000      	0000	0.0000      	0
0.0000      	0000	0.0000      	0
0.0000      	0000	0.0000      	0
0.0000      	0000	0.0000      	0
0.0000      	0000	0.0000      	0
0.0000      	0000	0.0000      	0
0.0000      	0000	0.0000      	0
0.0000      	0000	0.0000      	0
0.0000      	0000	0.0000      	0
0.0000      	0000	0.0000      	0
0.0000      	0000	0.0000      	0
0.0000      	0000	0.0000      	0
0.0000      	0000	0.0000      	0
0.0000      	0000	0.0000      	0
0.0000      	0000	0.0000      	0
0.0000      	0000	0.0000      	0
0.0000      	0000	0.0000      	0
0.0000      	0000	0.0000      	0
0.0000      	0000	0.0000      	0
0.0000      	0000	0.0000      	0
0.0000      	0000	0.0000      	0
0.0000      	0000	0.0000      	0
0.0000      	0000	0.0000      	0
0.0000      	0000	0.0000      	0
0.0000      	0000	0.0000      	0
0.0000      	0000	0.0000      	0
0.0000      	0000	0.0000      	0
0.0000      	0000	0.0000      	0
0.0000      	0000	0.0000      	0
0.0000      	0000	0.0000      	0
0.0000      	0000	0.0000      	0
0.0000      	0000	0.0000      	0
0.0000      	0000	0.0000      	0
0.0000      	0000	0.0000      	0
0.0000      	0000	0.0000      	0
0.0000      	0000	0.0000      	0
0.0000      	0000	0.0000      	0
0.0000      	0000	0.0000      	0
0.0000      	0000	0.0000      	0
0.0000      	0000	0.0000      	0
0.0000      	0000	0.0000      	0
0.0000      	0000	0.0000      	0
0.0000      	0000	0.0000      	0
0.0000      	0000	0.0000      	0
0.0000      	0000	0.0000      	0
0.0000      	0000	0.0000      	0
0.0000      	0000	0.0000      	0
0.0000      	0000	0.0000      	0
0.0000      	0000	0.0000      	0
0.0000      	0000	0.0000      	0
0.0000      	0000	0.0000      	0
0.0000      	0000	0.0000      	0
16.9734     	0000	153.8212    	50
17.0465     	0000	153.7603    	64
17.1240     	0000	153.7537    	55
17.1995     	0000	153.7230    	37
0.0000      	0000	0.0000      	0
17.2914     	0000	152.9482    	34
17.3611     	0000	152.8521    	36
0.0000      	0000	0.0000      	0
0.0000      	0000	0.0000      	0
0.0000      	0000	0.0000      	0
0.0000      	0000	0.0000      	0
0.0000      	0000	0.0000      	0
0.0000      	0000	0.0000      	0
0.0000      	0000	0.0000      	0
0.0000      	0000	0.0000      	0
0.0000      	0000	0.0000      	0
0.0000      	0000	0.0000      	0
0.0000      	0000	0.0000      	0
0.0000      	0000	0.0000      	0
0.0000      	0000	0.0000      	0
0.0000      	0000	0.0000      	0
0.0000      	0000	0.0000      	0
0.0000      	0000	0.0000      	0
0.0000      	0000	0.0000      	0
0.0000      	0000	0.0000      	0
0.0000      	0000	0.0000      	0
0.0000      	0000	0.0000      	0
0.0000      	0000	0.0000      	0
0.0000      	0000	0.0000      	0
0.0000      	0000	0.0000      	0
0.0000      	0000	0.0000      	0
0.0000      	0000	0.0000      	0
0.0000      	0000	0.0000      	0
0.0000      	0000	0.0000      	0
0.0000      	0000	0.0000      	0
19.2528     	0000	148.9885    	32
0.0000      	0000	0.0000      	0
0.0000      	0000	0.0000      	0
0.0000      	0000	0.0000      	0
0.0000      	0000	0.0000      	0
19.5646     	0000	148.2568    	34
19.6406     	0000	148.2562    	38
19.7166     	0000	148.2556    	33
0.0000      	0000	0.0000      	0
0.0000      	0000	0.0000      	0
0.0000      	0000	0.0000      	0
0.0000      	0000	0.0000      	0
19.9714     	0000	146.9739    	35
20.0469     	0000	146.9733    	35
0.0000      	0000	0.0000      	0
0.0000      	0000	0.0000      	0
0.0000      	0000	0.0000      	0
0.0000      	0000	0.0000      	0
0.0000      	0000	0.0000      	0
0.0000      	0000	0.0000      	0
0.0000      	0000	0.0000      	0
0.0000      	0000	0.0000      	0
0.0000      	0000	0.0000      	0
0.0000      	0000	0.0000      	0
0.0000      	0000	0.0000      	0
0.0000      	0000	0.0000      	0
0.0000      	0000	0.0000      	0
0.0000      	0000	0.0000      	0
0.0000      	0000	0.0000      	0
0.0000      	0000	0.0000      	0
0.0000      	0000	0.0000      	0
0.0000      	0000	0.0000      	0
0.0000      	0000	0.0000      	0
0.0000      	0000	0.0000      	0
0.0000      	0000	0.0000      	0
0.0000      	0000	0.0000      	0
0.0000      	0000	0.0000      	0
0.0000      	0000	0.0000      	0
0.0000      	0000	0.0000      	0
0.0000      	0000	0.0000      	0
0.0000      	0000	0.0000      	0
0.0000      	0000	0.0000      	0
0.0000      	0000	0.0000      	0
0.0000      	0000	0.0000      	0
0.0000      	0000	0.0000      	0
0.0000      	0000	0.0000      	0
0.0000      	0000	0.0000      	0
0.0000      	0000	0.0000      	0
0.0000      	0000	0.0000      	0
0.0000      	0000	0.0000      	0
0.0000      	0000	0.0000      	0
0.0000      	0000	0.0000      	0
0.0000      	0000	0.0000      	0
0.0000      	0000	0.0000      	0
0.0000      	0000	0.0000      	0
0.0000      	0000	0.0000      	0
0.0000      	0000	0.0000      	0
0.0000      	0000	0.0000      	0
0.0000      	0000	0.0000      	0
0.0000      	0000	0.0000      	0
0.0000      	0000	0.0000      	0
0.0000      	0000	0.0000      	0
0.0000      	0000	0.0000      	0
0.0000      	0000	0.0000      	0
0.0000      	0000	0.0000      	0
0.0000      	0000	0.0000      	0
0.0000      	0000	0.0000      	0
0.0000      	0000	0.0000      	0
0.0000      	0000	0.0000      	0
0.0000      	0000	0.0000      	0
0.0000      	0000	0.0000      	0
0.0000      	0000	0.0000      	0
23.6199     	0000	139.5269    	33
23.6928     	0000	139.5262    	50
23.7664     	0000	139.5309    	74
23.8393     	0000	139.5302    	63
23.9115     	0000	139.5243    	40
0.0000      	0000	0.0000      	0
0.0000      	0000	0.0000      	0
0.0000      	0000	0.0000      	0
0.0000      	0000	0.0000      	0
0.0000      	0000	0.0000      	0
0.0000      	0000	0.0000      	0
0.0000      	0000	0.0000      	0
0.0000      	0000	0.0000      	0
0.0000      	0000	0.0000      	0
0.0000      	0000	0.0000      	0
0.0000      	0000	0.0000      	0
0.0000      	0000	0.0000      	0
0.0000      	0000	0.0000      	0
0.0000      	0000	0.0000      	0
0.0000      	0000	0.0000      	0
0.0000      	0000	0.0000      	0
0.0000      	0000	0.0000      	0
0.0000      	0000	0.0000      	0
0.0000      	0000	0.0000      	0
0.0000      	0000	0.0000      	0
0.0000      	0000	0.0000      	0
0.0000      	0000	0.0000      	0
0.0000      	0000	0.0000      	0
0.0000      	0000	0.0000      	0
0.0000      	0000	0.0000      	0
0.0000      	0000	0.0000      	0
0.0000      	0000	0.0000      	0
0.0000      	0000	0.0000      	0
0.0000      	0000	0.0000      	0
0.0000      	0000	0.0000      	0
0.0000      	0000	0.0000      	0
0.0000      	0000	0.0000      	0
0.0000      	0000	0.0000      	0
0.0000      	0000	0.0000      	0
0.0000      	0000	0.0000      	0
0.0000      	0000	0.0000      	0
0.0000      	0000	0.0000      	0
0.0000      	0000	0.0000      	0
0.0000      	0000	0.0000      	0
0.0000      	0000	0.0000      	0
0.0000      	0000	0.0000      	0
0.0000      	0000	0.0000      	0
0.0000      	0000	0.0000      	0
0.0000      	0000	0.0000      	0
0.0000      	0000	0.0000      	0
0.0000      	0000	0.0000      	0
0.0000      	0000	0.0000      	0
0.0000      	0000	0.0000      	0
0.0000      	0000	0.0000      	0
0.0000      	0000	0.0000      	0
0.0000      	0000	0.0000      	0
0.0000      	0000	0.0000      	0
0.0000      	0000	0.0000      	0
0.0000      	0000	0.0000      	0
0.0000      	0000	0.0000      	0
0.0000      	0000	0.0000      	0
0.0000      	0000	0.0000      	0
0.0000      	0000	0.0000      	0
0.0000      	0000	0.0000      	0
0.0000      	0000	0.0000      	0
0.0000      	0000	0.0000      	0
0.0000      	0000	0.0000      	0
0.0000      	0000	0.0000      	0
0.0000      	0000	0.0000      	0
0.0000      	0000	0.0000      	0
0.0000      	0000	0.0000      	0
0.0000      	0000	0.0000      	0
0.0000      	0000	0.0000      	0
0.0000      	0000	0.0000      	0
0.0000      	0000	0.0000      	0
0.0000      	0000	0.0000      	0
0.0000      	0000	0.0000      	0
0.0000      	0000	0.0000      	0
0.0000      	0000	0.0000      	0
0.0000      	0000	0.0000      	0
0.0000      	0000	0.0000      	0
0.0000      	0000	0.0000      	0
0.0000      	0000	0.0000      	0
0.0000      	0000	0.0000      	0
0.0000      	0000	0.0000      	0
0.0000      	0000	0.0000      	0
0.0000      	0000	0.0000      	0
0.0000      	0000	0.0000      	0
0.0000      	0000	0.0000      	0
0.0000      	0000	0.0000      	0
0.0000      	0000	0.0000      	0
0.0000      	0000	0.0000      	0
0.0000      	0000	0.0000      	0
0.0000      	0000	0.0000      	0
0.0000      	0000	0.0000      	0
28.8379     	0000	128.3392    	37
28.8961     	0000	128.2682    	37
0.0000      	0000	0.0000      	0
0.0000      	0000	0.0000      	0
0.0000      	0000	0.0000      	0
0.0000      	0000	0.0000      	0
0.0000      	0000	0.0000      	0
0.0000      	0000	0.0000      	0
0.0000      	0000	0.0000      	0
0.0000      	0000	0.0000      	0
0.0000      	0000	0.0000      	0
0.0000      	0000	0.0000      	0
0.0000      	0000	0.0000      	0
0.0000      	0000	0.0000      	0
0.0000      	0000	0.0000      	0
0.0000      	0000	0.0000      	0
0.0000      	0000	0.0000      	0
0.0000      	0000	0.0000      	0
0.0000      	0000	0.0000      	0
0.0000      	0000	0.0000      	0
0.0000      	0000	0.0000      	0
0.0000      	0000	0.0000      	0
0.0000      	0000	0.0000      	0
0.0000      	0000	0.0000      	0
0.0000      	0000	0.0000      	0
0.0000      	0000	0.0000      	0
0.0000      	0000	0.0000      	0
0.0000      	0000	0.0000      	0
0.0000      	0000	0.0000      	0
0.0000      	0000	0.0000      	0
0.0000      	0000	0.0000      	0
0.0000      	0000	0.0000      	0
0.0000      	0000	0.0000      	0
0.0000      	0000	0.0000      	0
0.0000      	0000	0.0000      	0
0.0000      	0000	0.0000      	0
0.0000      	0000	0.0000      	0
0.0000      	0000	0.0000      	0
0.0000      	0000	0.0000      	0
0.0000      	0000	0.0000      	0
0.0000      	0000	0.0000      	0
0.0000      	0000	0.0000      	0
0.0000      	0000	0.0000      	0
0.0000      	0000	0.0000      	0
0.0000      	0000	0.0000      	0
0.0000      	0000	0.0000      	0
0.0000      	0000	0.0000      	0
0.0000      	0000	0.0000      	0
0.0000      	0000	0.0000      	0
0.0000      	0000	0.0000      	0
0.0000      	0000	0.0000      	0
0.0000      	0000	0.0000      	0
0.0000      	0000	0.0000      	0
0.0000      	0000	0.0000      	0
0.0000      	0000	0.0000      	0
0.0000      	0000	0.0000      	0
0.0000      	0000	0.0000      	0
0.0000      	0000	0.0000      	0
0.0000      	0000	0.0000      	0
0.0000      	0000	0.0000      	0
0.0000      	0000	0.0000      	0
0.0000      	0000	0.0000      	0
0.0000      	0000	0.0000      	0
0.0000      	0000	0.0000      	0
0.0000      	0000	0.0000      	0
0.0000      	0000	0.0000      	0
0.0000      	0000	0.0000      	0
0.0000      	0000	0.0000      	0
0.0000      	0000	0.0000      	0
0.0000      	0000	0.0000      	0
0.0000      	0000	0.0000      	0
0.0000      	0000	0.0000      	0
0.0000      	0000	0.0000      	0
0.0000      	0000	0.0000      	0
0.0000      	0000	0.0000      	0
0.0000      	0000	0.0000      	0
0.0000      	0000	0.0000      	0
0.0000      	0000	0.0000      	0
0.0000      	0000	0.0000      	0
0.0000      	0000	0.0000      	0
0.0000      	0000	0.0000      	0
0.0000      	0000	0.0000      	0
0.0000      	0000	0.0000      	0
0.0000      	0000	0.0000      	0
0.0000      	0000	0.0000      	0
0.0000      	0000	0.0000      	0
0.0000      	0000	0.0000      	0
0.0000      	0000	0.0000      	0
0.0000      	0000	0.0000      	0
0.0000      	0000	0.0000      	0
0.0000      	0000	0.0000      	0
0.0000      	0000	0.0000      	0
0.0000      	0000	0.0000      	0
0.0000      	0000	0.0000      	0
0.0000      	0000	0.0000      	0
0.0000      	0000	0.0000      	0
0.0000      	0000	0.0000      	0
0.0000      	0000	0.0000      	0
0.0000      	0000	0.0000      	0
0.0000      	0000	0.0000      	0
0.0000      	0000	0.0000      	0
0.0000      	0000	0.0000      	0
0.0000      	0000	0.0000      	0
0.0000      	0000	0.0000      	0
0.0000      	0000	0.0000      	0
0.0000      	0000	0.0000      	0
0.0000      	0000	0.0000      	0
0.0000      	0000	0.0000      	0
0.0000      	0000	0.0000      	0
0.0000      	0000	0.0000      	0
0.0000      	0000	0.0000      	0
0.0000      	0000	0.0000      	0
0.0000      	0000	0.0000      	0
0.0000      	0000	0.0000      	0
0.0000      	0000	0.0000      	0
0.0000      	0000	0.0000      	0
0.0000      	0000	0.0000      	0
34.5877     	0000	116.3710    	36
34.6502     	0000	116.3578    	47
34.7045     	0000	116.3034    	68
34.7701     	0000	116.3067    	86
34.8570     	0000	116.4171    	79
34.9358     	0000	116.4864    	71
34.9876     	0000	116.4196    	59
35.0271     	0000	116.2909    	47
35.0666     	0000	116.1625    	36
0.0000      	0000	0.0000      	0
0.0000      	0000	0.0000      	0
0.0000      	0000	0.0000      	0
0.0000      	0000	0.0000      	0
0.0000      	0000	0.0000      	0
0.0000      	0000	0.0000      	0
0.0000      	0000	0.0000      	0
0.0000      	0000	0.0000      	0
0.0000      	0000	0.0000      	0
0.0000      	0000	0.0000      	0
0.0000      	0000	0.0000      	0
0.0000      	0000	0.0000      	0
0.0000      	0000	0.0000      	0
0.0000      	0000	0.0000      	0
0.0000      	0000	0.0000      	0
0.0000      	0000	0.0000      	0
0.0000      	0000	0.0000      	0
0.0000      	0000	0.0000      	0
0.0000      	0000	0.0000      	0
0.0000      	0000	0.0000      	0
0.0000      	0000	0.0000      	0
0.0000      	0000	0.0000      	0
0.0000      	0000	0.0000      	0
0.0000      	0000	0.0000      	0
0.0000      	0000	0.0000      	0
0.0000      	0000	0.0000      	0
0.0000      	0000	0.0000      	0
0.0000      	0000	0.0000      	0
0.0000      	0000	0.0000      	0
0.0000      	0000	0.0000      	0
0.0000      	0000	0.0000      	0
0.0000      	0000	0.0000      	0
0.0000      	0000	0.0000      	0
0.0000      	0000	0.0000      	0
0.0000      	0000	0.0000      	0
0.0000      	0000	0.0000      	0
0.0000      	0000	0.0000      	0
0.0000      	0000	0.0000      	0
0.0000      	0000	0.0000      	0
0.0000      	0000	0.0000      	0
0.0000      	0000	0.0000      	0
0.0000      	0000	0.0000      	0
0.0000      	0000	0.0000      	0
0.0000      	0000	0.0000      	0
0.0000      	0000	0.0000      	0
0.0000      	0000	0.0000      	0
0.0000      	0000	0.0000      	0
0.0000      	0000	0.0000      	0
0.0000      	0000	0.0000      	0
0.0000      	0000	0.0000      	0
0.0000      	0000	0.0000      	0
0.0000      	0000	0.0000      	0
0.0000      	0000	0.0000      	0
0.0000      	0000	0.0000      	0
0.0000      	0000	0.0000      	0
0.0000      	0000	0.0000      	0
0.0000      	0000	0.0000      	0
0.0000      	0000	0.0000      	0
0.0000      	0000	0.0000      	0
0.0000      	0000	0.0000      	0
0.0000      	0000	0.0000      	0
0.0000      	0000	0.0000      	0
0.0000      	0000	0.0000      	0
0.0000      	0000	0.0000      	0
0.0000      	0000	0.0000      	0
0.0000      	0000	0.0000      	0
0.0000      	0000	0.0000      	0
0.0000      	0000	0.0000      	0
0.0000      	0000	0.0000      	0
0.0000      	0000	0.0000      	0
0.0000      	0000	0.0000      	0
0.0000      	0000	0.0000      	0
0.0000      	0000	0.0000      	0
0.0000      	0000	0.0000      	0
0.0000      	0000	0.0000      	0
0.0000      	0000	0.0000      	0
0.0000      	0000	0.0000      	0
0.0000      	0000	0.0000      	0
0.0000      	0000	0.0000      	0
0.0000      	0000	0.0000      	0
0.0000      	0000	0.0000      	0
0.0000      	0000	0.0000      	0
0.0000      	0000	0.0000      	0
0.0000      	0000	0.0000      	0
0.0000      	0000	0.0000      	0
0.0000      	0000	0.0000      	0
0.0000      	0000	0.0000      	0
0.0000      	0000	0.0000      	0
0.0000      	0000	0.0000      	0
0.0000      	0000	0.0000      	0
0.0000      	0000	0.0000      	0
0.0000      	0000	0.0000      	0
0.0000      	0000	0.0000      	0
0.0000      	0000	0.0000      	0
0.0000      	0000	0.0000      	0
0.0000      	0000	0.0000      	0
0.0000      	0000	0.0000      	0
0.0000      	0000	0.0000      	0
