X           Y           Z           I           
-46.3571    	0000	139.0138    	476
-46.3030    	0000	139.0977    	500
-46.2608    	0000	139.2343    	513
-46.2126    	0000	139.3446    	484
-46.1631    	0000	139.4499    	545
-46.1172    	0000	139.5711    	526
-46.0700    	0000	139.6871    	438
-46.0300    	0000	139.8350    	438
-45.9816    	0000	139.9460    	508
-45.9427    	0000	140.0996    	516
-45.9013    	0000	140.2428    	506
-45.8515    	0000	140.3489    	448
-45.8040    	0000	140.4658    	470
-45.7637    	0000	140.6149    	470
-45.7221    	0000	140.7587    	494
-45.6744    	0000	140.8761    	430
-45.6376    	0000	141.0418    	397
-45.5994    	0000	141.2023    	438
-45.5504    	0000	141.3148    	548
-45.5074    	0000	141.4543    	529
-45.4727    	0000	141.6317    	476
-45.4343    	0000	141.7932    	445
-45.3995    	0000	141.9711    	437
-45.3502    	0000	142.0844    	411
-45.2972    	0000	142.1816    	427
-45.2622    	0000	142.3602    	399
-45.2368    	0000	142.5826    	374
-45.1933    	0000	142.7238    	434
-45.1521    	0000	142.8761    	459
-45.1133    	0000	143.0395    	474
-45.0780    	0000	143.2196    	467
-45.0402    	0000	143.3890    	442
-45.0024    	0000	143.5587    	407
-44.9657    	0000	143.7342    	395
-44.9302    	0000	143.9155    	404
-44.8958    	0000	144.1026    	411
-44.8578    	0000	144.2735    	418
-44.8184    	0000	144.4391    	400
-44.7827    	0000	144.6216    	367
-44.7480    	0000	144.8100    	342
-44.7229    	0000	145.0432    	295
-44.6894    	0000	145.2379    	279
-44.6642    	0000	145.4721    	308
-44.6341    	0000	145.6844    	348
-44.5944    	0000	145.8523    	373
-44.5582    	0000	146.0373    	358
-44.5387    	0000	146.3015    	322
-44.5108    	0000	146.5268    	349
-44.4781    	0000	146.7299    	326
-44.4452    	0000	146.9335    	304
-44.4099    	0000	147.1261    	268
-44.3950    	0000	147.4158    	235
-44.3717    	0000	147.6663    	270
-44.3398    	0000	147.8774    	265
-44.3211    	0000	148.1520    	233
-44.3000    	0000	148.4158    	232
-44.2886    	0000	148.7264    	218
-44.2613    	0000	148.9627    	207
-44.2571    	0000	149.3097    	198
-44.2430    	0000	149.6113    	176
-44.2266    	0000	149.9021    	167
-44.2222    	0000	150.2521    	138
-44.2374    	0000	150.6973    	123
-44.2270    	0000	151.0205    	134
-44.2214    	0000	151.3684    	129
-44.2243    	0000	151.7589    	120
-44.2396    	0000	152.2104    	99
-44.2537    	0000	152.6578    	85
-44.2654    	0000	153.0950    	75
-44.3019    	0000	153.6547    	59
-44.3473    	0000	154.2598    	49
-44.4280    	0000	155.0394    	39
0.0000      	0000	0.0000      	0
0.0000      	0000	0.0000      	0
0.0000      	0000	0.0000      	0
0.0000      	0000	0.0000      	0
0.0000      	0000	0.0000      	0
0.0000      	0000	0.0000      	0
0.0000      	0000	0.0000      	0
0.0000      	0000	0.0000      	0
0.0000      	0000	0.0000      	0
0.0000      	0000	0.0000      	0
0.0000      	0000	0.0000      	0
0.0000      	0000	0.0000      	0
0.0000      	0000	0.0000      	0
0.0000      	0000	0.0000      	0
0.0000      	0000	0.0000      	0
0.0000      	0000	0.0000      	0
0.0000      	0000	0.0000      	0
0.0000      	0000	0.0000      	0
0.0000      	0000	0.0000      	0
0.0000      	0000	0.0000      	0
0.0000      	0000	0.0000      	0
0.0000      	0000	0.0000      	0
0.0000      	0000	0.0000      	0
0.0000      	0000	0.0000      	0
0.0000      	0000	0.0000      	0
0.0000      	0000	0.0000      	0
0.0000      	0000	0.0000      	0
0.0000      	0000	0.0000      	0
0.0000      	0000	0.0000      	0
0.0000      	0000	0.0000      	0
0.0000      	0000	0.0000      	0
0.0000      	0000	0.0000      	0
0.0000      	0000	0.0000      	0
0.0000      	0000	0.0000      	0
0.0000      	0000	0.0000      	0
0.0000      	0000	0.0000      	0
0.0000      	0000	0.0000      	0
0.0000      	0000	0.0000      	0
0.0000      	0000	0.0000      	0
0.0000      	0000	0.0000      	0
0.0000      	0000	0.0000      	0
0.0000      	0000	0.0000      	0
0.0000      	0000	0.0000      	0
0.0000      	0000	0.0000      	0
0.0000      	0000	0.0000      	0
0.0000      	0000	0.0000      	0
0.0000      	0000	0.0000      	0
0.0000      	0000	0.0000      	0
0.0000      	0000	0.0000      	0
0.0000      	0000	0.0000      	0
0.0000      	0000	0.0000      	0
0.0000      	0000	0.0000      	0
0.0000      	0000	0.0000      	0
0.0000      	0000	0.0000      	0
0.0000      	0000	0.0000      	0
0.0000      	0000	0.0000      	0
0.0000      	0000	0.0000      	0
0.0000      	0000	0.0000      	0
0.0000      	0000	0.0000      	0
0.0000      	0000	0.0000      	0
0.0000      	0000	0.0000      	0
0.0000      	0000	0.0000      	0
0.0000      	0000	0.0000      	0
0.0000      	0000	0.0000      	0
0.0000      	0000	0.0000      	0
0.0000      	0000	0.0000      	0
0.0000      	0000	0.0000      	0
0.0000      	0000	0.0000      	0
0.0000      	0000	0.0000      	0
0.0000      	0000	0.0000      	0
0.0000      	0000	0.0000      	0
0.0000      	0000	0.0000      	0
0.0000      	0000	0.0000      	0
0.0000      	0000	0.0000      	0
0.0000      	0000	0.0000      	0
0.0000      	0000	0.0000      	0
0.0000      	0000	0.0000      	0
0.0000      	0000	0.0000      	0
0.0000      	0000	0.0000      	0
0.0000      	0000	0.0000      	0
0.0000      	0000	0.0000      	0
0.0000      	0000	0.0000      	0
0.0000      	0000	0.0000      	0
0.0000      	0000	0.0000      	0
0.0000      	0000	0.0000      	0
0.0000      	0000	0.0000      	0
0.0000      	0000	0.0000      	0
0.0000      	0000	0.0000      	0
0.0000      	0000	0.0000      	0
0.0000      	0000	0.0000      	0
0.0000      	0000	0.0000      	0
0.0000      	0000	0.0000      	0
0.0000      	0000	0.0000      	0
0.0000      	0000	0.0000      	0
0.0000      	0000	0.0000      	0
0.0000      	0000	0.0000      	0
0.0000      	0000	0.0000      	0
0.0000      	0000	0.0000      	0
0.0000      	0000	0.0000      	0
0.0000      	0000	0.0000      	0
0.0000      	0000	0.0000      	0
0.0000      	0000	0.0000      	0
0.0000      	0000	0.0000      	0
0.0000      	0000	0.0000      	0
0.0000      	0000	0.0000      	0
0.0000      	0000	0.0000      	0
0.0000      	0000	0.0000      	0
0.0000      	0000	0.0000      	0
0.0000      	0000	0.0000      	0
0.0000      	0000	0.0000      	0
0.0000      	0000	0.0000      	0
0.0000      	0000	0.0000      	0
0.0000      	0000	0.0000      	0
0.0000      	0000	0.0000      	0
0.0000      	0000	0.0000      	0
0.0000      	0000	0.0000      	0
0.0000      	0000	0.0000      	0
0.0000      	0000	0.0000      	0
0.0000      	0000	0.0000      	0
0.0000      	0000	0.0000      	0
0.0000      	0000	0.0000      	0
0.0000      	0000	0.0000      	0
0.0000      	0000	0.0000      	0
0.0000      	0000	0.0000      	0
0.0000      	0000	0.0000      	0
0.0000      	0000	0.0000      	0
0.0000      	0000	0.0000      	0
0.0000      	0000	0.0000      	0
0.0000      	0000	0.0000      	0
0.0000      	0000	0.0000      	0
0.0000      	0000	0.0000      	0
0.0000      	0000	0.0000      	0
0.0000      	0000	0.0000      	0
0.0000      	0000	0.0000      	0
0.0000      	0000	0.0000      	0
0.0000      	0000	0.0000      	0
0.0000      	0000	0.0000      	0
0.0000      	0000	0.0000      	0
0.0000      	0000	0.0000      	0
0.0000      	0000	0.0000      	0
0.0000      	0000	0.0000      	0
0.0000      	0000	0.0000      	0
0.0000      	0000	0.0000      	0
0.0000      	0000	0.0000      	0
0.0000      	0000	0.0000      	0
0.0000      	0000	0.0000      	0
0.0000      	0000	0.0000      	0
0.0000      	0000	0.0000      	0
0.0000      	0000	0.0000      	0
0.0000      	0000	0.0000      	0
0.0000      	0000	0.0000      	0
0.0000      	0000	0.0000      	0
0.0000      	0000	0.0000      	0
0.0000      	0000	0.0000      	0
0.0000      	0000	0.0000      	0
0.0000      	0000	0.0000      	0
0.0000      	0000	0.0000      	0
0.0000      	0000	0.0000      	0
0.0000      	0000	0.0000      	0
0.0000      	0000	0.0000      	0
0.0000      	0000	0.0000      	0
0.0000      	0000	0.0000      	0
0.0000      	0000	0.0000      	0
0.0000      	0000	0.0000      	0
0.0000      	0000	0.0000      	0
0.0000      	0000	0.0000      	0
0.0000      	0000	0.0000      	0
0.0000      	0000	0.0000      	0
0.0000      	0000	0.0000      	0
0.0000      	0000	0.0000      	0
0.0000      	0000	0.0000      	0
0.0000      	0000	0.0000      	0
0.0000      	0000	0.0000      	0
0.0000      	0000	0.0000      	0
0.0000      	0000	0.0000      	0
0.0000      	0000	0.0000      	0
0.0000      	0000	0.0000      	0
0.0000      	0000	0.0000      	0
0.0000      	0000	0.0000      	0
0.0000      	0000	0.0000      	0
0.0000      	0000	0.0000      	0
0.0000      	0000	0.0000      	0
0.0000      	0000	0.0000      	0
0.0000      	0000	0.0000      	0
0.0000      	0000	0.0000      	0
0.0000      	0000	0.0000      	0
0.0000      	0000	0.0000      	0
0.0000      	0000	0.0000      	0
0.0000      	0000	0.0000      	0
0.0000      	0000	0.0000      	0
0.0000      	0000	0.0000      	0
0.0000      	0000	0.0000      	0
0.0000      	0000	0.0000      	0
0.0000      	0000	0.0000      	0
0.0000      	0000	0.0000      	0
0.0000      	0000	0.0000      	0
0.0000      	0000	0.0000      	0
0.0000      	0000	0.0000      	0
0.0000      	0000	0.0000      	0
-35.2970    	0000	205.3625    	38
-35.1998    	0000	205.3613    	49
-35.1014    	0000	205.3508    	38
0.0000      	0000	0.0000      	0
0.0000      	0000	0.0000      	0
0.0000      	0000	0.0000      	0
-34.5209    	0000	203.8690    	30
0.0000      	0000	0.0000      	0
0.0000      	0000	0.0000      	0
0.0000      	0000	0.0000      	0
0.0000      	0000	0.0000      	0
0.0000      	0000	0.0000      	0
0.0000      	0000	0.0000      	0
0.0000      	0000	0.0000      	0
0.0000      	0000	0.0000      	0
0.0000      	0000	0.0000      	0
0.0000      	0000	0.0000      	0
0.0000      	0000	0.0000      	0
0.0000      	0000	0.0000      	0
0.0000      	0000	0.0000      	0
0.0000      	0000	0.0000      	0
0.0000      	0000	0.0000      	0
0.0000      	0000	0.0000      	0
0.0000      	0000	0.0000      	0
0.0000      	0000	0.0000      	0
0.0000      	0000	0.0000      	0
0.0000      	0000	0.0000      	0
0.0000      	0000	0.0000      	0
0.0000      	0000	0.0000      	0
0.0000      	0000	0.0000      	0
0.0000      	0000	0.0000      	0
0.0000      	0000	0.0000      	0
0.0000      	0000	0.0000      	0
0.0000      	0000	0.0000      	0
0.0000      	0000	0.0000      	0
0.0000      	0000	0.0000      	0
0.0000      	0000	0.0000      	0
0.0000      	0000	0.0000      	0
0.0000      	0000	0.0000      	0
-30.2542    	0000	194.6380    	39
-30.1700    	0000	194.7139    	54
-30.0668    	0000	194.6274    	58
-29.9727    	0000	194.6177    	36
0.0000      	0000	0.0000      	0
0.0000      	0000	0.0000      	0
0.0000      	0000	0.0000      	0
0.0000      	0000	0.0000      	0
0.0000      	0000	0.0000      	0
0.0000      	0000	0.0000      	0
0.0000      	0000	0.0000      	0
0.0000      	0000	0.0000      	0
0.0000      	0000	0.0000      	0
0.0000      	0000	0.0000      	0
0.0000      	0000	0.0000      	0
0.0000      	0000	0.0000      	0
0.0000      	0000	0.0000      	0
0.0000      	0000	0.0000      	0
0.0000      	0000	0.0000      	0
0.0000      	0000	0.0000      	0
0.0000      	0000	0.0000      	0
0.0000      	0000	0.0000      	0
0.0000      	0000	0.0000      	0
0.0000      	0000	0.0000      	0
-27.4060    	0000	188.9808    	31
0.0000      	0000	0.0000      	0
0.0000      	0000	0.0000      	0
0.0000      	0000	0.0000      	0
0.0000      	0000	0.0000      	0
0.0000      	0000	0.0000      	0
0.0000      	0000	0.0000      	0
0.0000      	0000	0.0000      	0
-26.4573    	0000	186.8985    	36
-26.3670    	0000	186.8976    	32
0.0000      	0000	0.0000      	0
0.0000      	0000	0.0000      	0
0.0000      	0000	0.0000      	0
-25.8723    	0000	185.6147    	49
-25.7817    	0000	185.6058    	64
-25.6919    	0000	185.6049    	44
0.0000      	0000	0.0000      	0
0.0000      	0000	0.0000      	0
0.0000      	0000	0.0000      	0
0.0000      	0000	0.0000      	0
0.0000      	0000	0.0000      	0
0.0000      	0000	0.0000      	0
0.0000      	0000	0.0000      	0
0.0000      	0000	0.0000      	0
0.0000      	0000	0.0000      	0
0.0000      	0000	0.0000      	0
0.0000      	0000	0.0000      	0
0.0000      	0000	0.0000      	0
0.0000      	0000	0.0000      	0
0.0000      	0000	0.0000      	0
0.0000      	0000	0.0000      	0
-23.8644    	0000	181.5938    	33
0.0000      	0000	0.0000      	0
0.0000      	0000	0.0000      	0
0.0000      	0000	0.0000      	0
0.0000      	0000	0.0000      	0
0.0000      	0000	0.0000      	0
0.0000      	0000	0.0000      	0
0.0000      	0000	0.0000      	0
0.0000      	0000	0.0000      	0
0.0000      	0000	0.0000      	0
0.0000      	0000	0.0000      	0
0.0000      	0000	0.0000      	0
0.0000      	0000	0.0000      	0
0.0000      	0000	0.0000      	0
0.0000      	0000	0.0000      	0
-22.2038    	0000	177.9296    	39
-22.1080    	0000	177.8319    	44
-22.0205    	0000	177.8236    	41
0.0000      	0000	0.0000      	0
0.0000      	0000	0.0000      	0
0.0000      	0000	0.0000      	0
0.0000      	0000	0.0000      	0
0.0000      	0000	0.0000      	0
0.0000      	0000	0.0000      	0
0.0000      	0000	0.0000      	0
0.0000      	0000	0.0000      	0
-21.0414    	0000	175.5719    	35
0.0000      	0000	0.0000      	0
0.0000      	0000	0.0000      	0
0.0000      	0000	0.0000      	0
0.0000      	0000	0.0000      	0
0.0000      	0000	0.0000      	0
0.0000      	0000	0.0000      	0
0.0000      	0000	0.0000      	0
0.0000      	0000	0.0000      	0
0.0000      	0000	0.0000      	0
0.0000      	0000	0.0000      	0
-19.8725    	0000	172.9099    	34
-19.7868    	0000	172.9019    	34
-19.6828    	0000	172.6727    	34
-19.5884    	0000	172.5578    	34
0.0000      	0000	0.0000      	0
0.0000      	0000	0.0000      	0
0.0000      	0000	0.0000      	0
0.0000      	0000	0.0000      	0
0.0000      	0000	0.0000      	0
0.0000      	0000	0.0000      	0
0.0000      	0000	0.0000      	0
0.0000      	0000	0.0000      	0
0.0000      	0000	0.0000      	0
0.0000      	0000	0.0000      	0
0.0000      	0000	0.0000      	0
0.0000      	0000	0.0000      	0
0.0000      	0000	0.0000      	0
0.0000      	0000	0.0000      	0
0.0000      	0000	0.0000      	0
0.0000      	0000	0.0000      	0
0.0000      	0000	0.0000      	0
0.0000      	0000	0.0000      	0
0.0000      	0000	0.0000      	0
0.0000      	0000	0.0000      	0
0.0000      	0000	0.0000      	0
0.0000      	0000	0.0000      	0
0.0000      	0000	0.0000      	0
0.0000      	0000	0.0000      	0
0.0000      	0000	0.0000      	0
0.0000      	0000	0.0000      	0
0.0000      	0000	0.0000      	0
0.0000      	0000	0.0000      	0
0.0000      	0000	0.0000      	0
0.0000      	0000	0.0000      	0
0.0000      	0000	0.0000      	0
0.0000      	0000	0.0000      	0
0.0000      	0000	0.0000      	0
0.0000      	0000	0.0000      	0
0.0000      	0000	0.0000      	0
0.0000      	0000	0.0000      	0
0.0000      	0000	0.0000      	0
0.0000      	0000	0.0000      	0
0.0000      	0000	0.0000      	0
0.0000      	0000	0.0000      	0
0.0000      	0000	0.0000      	0
0.0000      	0000	0.0000      	0
0.0000      	0000	0.0000      	0
0.0000      	0000	0.0000      	0
0.0000      	0000	0.0000      	0
-15.0462    	0000	162.9057    	33
0.0000      	0000	0.0000      	0
0.0000      	0000	0.0000      	0
0.0000      	0000	0.0000      	0
0.0000      	0000	0.0000      	0
0.0000      	0000	0.0000      	0
0.0000      	0000	0.0000      	0
0.0000      	0000	0.0000      	0
0.0000      	0000	0.0000      	0
0.0000      	0000	0.0000      	0
0.0000      	0000	0.0000      	0
0.0000      	0000	0.0000      	0
0.0000      	0000	0.0000      	0
0.0000      	0000	0.0000      	0
0.0000      	0000	0.0000      	0
0.0000      	0000	0.0000      	0
0.0000      	0000	0.0000      	0
0.0000      	0000	0.0000      	0
0.0000      	0000	0.0000      	0
0.0000      	0000	0.0000      	0
0.0000      	0000	0.0000      	0
0.0000      	0000	0.0000      	0
0.0000      	0000	0.0000      	0
0.0000      	0000	0.0000      	0
0.0000      	0000	0.0000      	0
-12.7266    	0000	157.8730    	34
-12.6362    	0000	157.6787    	37
-12.5515    	0000	157.5845    	39
-12.4766    	0000	157.6650    	38
-12.3979    	0000	157.6769    	35
0.0000      	0000	0.0000      	0
0.0000      	0000	0.0000      	0
0.0000      	0000	0.0000      	0
-12.0160    	0000	156.4826    	34
-11.9370    	0000	156.4820    	37
-11.8367    	0000	156.0808    	33
-11.7527    	0000	155.9819    	33
0.0000      	0000	0.0000      	0
0.0000      	0000	0.0000      	0
0.0000      	0000	0.0000      	0
0.0000      	0000	0.0000      	0
0.0000      	0000	0.0000      	0
0.0000      	0000	0.0000      	0
0.0000      	0000	0.0000      	0
0.0000      	0000	0.0000      	0
0.0000      	0000	0.0000      	0
0.0000      	0000	0.0000      	0
0.0000      	0000	0.0000      	0
0.0000      	0000	0.0000      	0
0.0000      	0000	0.0000      	0
0.0000      	0000	0.0000      	0
0.0000      	0000	0.0000      	0
0.0000      	0000	0.0000      	0
0.0000      	0000	0.0000      	0
0.0000      	0000	0.0000      	0
0.0000      	0000	0.0000      	0
0.0000      	0000	0.0000      	0
0.0000      	0000	0.0000      	0
0.0000      	0000	0.0000      	0
0.0000      	0000	0.0000      	0
0.0000      	0000	0.0000      	0
0.0000      	0000	0.0000      	0
0.0000      	0000	0.0000      	0
0.0000      	0000	0.0000      	0
0.0000      	0000	0.0000      	0
0.0000      	0000	0.0000      	0
0.0000      	0000	0.0000      	0
0.0000      	0000	0.0000      	0
0.0000      	0000	0.0000      	0
0.0000      	0000	0.0000      	0
0.0000      	0000	0.0000      	0
0.0000      	0000	0.0000      	0
0.0000      	0000	0.0000      	0
0.0000      	0000	0.0000      	0
0.0000      	0000	0.0000      	0
0.0000      	0000	0.0000      	0
0.0000      	0000	0.0000      	0
0.0000      	0000	0.0000      	0
0.0000      	0000	0.0000      	0
0.0000      	0000	0.0000      	0
0.0000      	0000	0.0000      	0
0.0000      	0000	0.0000      	0
0.0000      	0000	0.0000      	0
0.0000      	0000	0.0000      	0
-7.6676     	0000	147.2740    	32
0.0000      	0000	0.0000      	0
0.0000      	0000	0.0000      	0
0.0000      	0000	0.0000      	0
0.0000      	0000	0.0000      	0
0.0000      	0000	0.0000      	0
0.0000      	0000	0.0000      	0
0.0000      	0000	0.0000      	0
0.0000      	0000	0.0000      	0
0.0000      	0000	0.0000      	0
0.0000      	0000	0.0000      	0
0.0000      	0000	0.0000      	0
0.0000      	0000	0.0000      	0
0.0000      	0000	0.0000      	0
0.0000      	0000	0.0000      	0
0.0000      	0000	0.0000      	0
0.0000      	0000	0.0000      	0
0.0000      	0000	0.0000      	0
0.0000      	0000	0.0000      	0
0.0000      	0000	0.0000      	0
0.0000      	0000	0.0000      	0
0.0000      	0000	0.0000      	0
-5.9009     	0000	143.4342    	39
-5.8263     	0000	143.4173    	48
-5.7503     	0000	143.3514    	41
0.0000      	0000	0.0000      	0
0.0000      	0000	0.0000      	0
0.0000      	0000	0.0000      	0
0.0000      	0000	0.0000      	0
0.0000      	0000	0.0000      	0
0.0000      	0000	0.0000      	0
0.0000      	0000	0.0000      	0
0.0000      	0000	0.0000      	0
0.0000      	0000	0.0000      	0
0.0000      	0000	0.0000      	0
0.0000      	0000	0.0000      	0
0.0000      	0000	0.0000      	0
0.0000      	0000	0.0000      	0
0.0000      	0000	0.0000      	0
0.0000      	0000	0.0000      	0
0.0000      	0000	0.0000      	0
0.0000      	0000	0.0000      	0
0.0000      	0000	0.0000      	0
0.0000      	0000	0.0000      	0
0.0000      	0000	0.0000      	0
0.0000      	0000	0.0000      	0
0.0000      	0000	0.0000      	0
0.0000      	0000	0.0000      	0
0.0000      	0000	0.0000      	0
-3.8273     	0000	139.4054    	34
0.0000      	0000	0.0000      	0
0.0000      	0000	0.0000      	0
0.0000      	0000	0.0000      	0
0.0000      	0000	0.0000      	0
0.0000      	0000	0.0000      	0
0.0000      	0000	0.0000      	0
0.0000      	0000	0.0000      	0
0.0000      	0000	0.0000      	0
0.0000      	0000	0.0000      	0
0.0000      	0000	0.0000      	0
0.0000      	0000	0.0000      	0
0.0000      	0000	0.0000      	0
0.0000      	0000	0.0000      	0
0.0000      	0000	0.0000      	0
0.0000      	0000	0.0000      	0
0.0000      	0000	0.0000      	0
0.0000      	0000	0.0000      	0
0.0000      	0000	0.0000      	0
0.0000      	0000	0.0000      	0
0.0000      	0000	0.0000      	0
0.0000      	0000	0.0000      	0
0.0000      	0000	0.0000      	0
0.0000      	0000	0.0000      	0
-2.0490     	0000	135.6090    	34
0.0000      	0000	0.0000      	0
0.0000      	0000	0.0000      	0
0.0000      	0000	0.0000      	0
0.0000      	0000	0.0000      	0
0.0000      	0000	0.0000      	0
0.0000      	0000	0.0000      	0
-1.5428     	0000	134.4870    	36
-1.4719     	0000	134.4815    	35
0.0000      	0000	0.0000      	0
0.0000      	0000	0.0000      	0
0.0000      	0000	0.0000      	0
0.0000      	0000	0.0000      	0
0.0000      	0000	0.0000      	0
0.0000      	0000	0.0000      	0
0.0000      	0000	0.0000      	0
0.0000      	0000	0.0000      	0
0.0000      	0000	0.0000      	0
0.0000      	0000	0.0000      	0
0.0000      	0000	0.0000      	0
0.0000      	0000	0.0000      	0
0.0000      	0000	0.0000      	0
0.0000      	0000	0.0000      	0
0.0000      	0000	0.0000      	0
0.0000      	0000	0.0000      	0
0.0000      	0000	0.0000      	0
0.0000      	0000	0.0000      	0
0.0000      	0000	0.0000      	0
0.0000      	0000	0.0000      	0
0.0000      	0000	0.0000      	0
0.0000      	0000	0.0000      	0
0.0000      	0000	0.0000      	0
0.0000      	0000	0.0000      	0
0.0000      	0000	0.0000      	0
0.0000      	0000	0.0000      	0
0.0000      	0000	0.0000      	0
0.0000      	0000	0.0000      	0
0.0000      	0000	0.0000      	0
0.0000      	0000	0.0000      	0
0.0000      	0000	0.0000      	0
0.7705      	0000	129.7166    	34
0.0000      	0000	0.0000      	0
0.0000      	0000	0.0000      	0
0.0000      	0000	0.0000      	0
0.0000      	0000	0.0000      	0
0.0000      	0000	0.0000      	0
0.0000      	0000	0.0000      	0
0.0000      	0000	0.0000      	0
0.0000      	0000	0.0000      	0
0.0000      	0000	0.0000      	0
0.0000      	0000	0.0000      	0
0.0000      	0000	0.0000      	0
0.0000      	0000	0.0000      	0
0.0000      	0000	0.0000      	0
0.0000      	0000	0.0000      	0
0.0000      	0000	0.0000      	0
0.0000      	0000	0.0000      	0
0.0000      	0000	0.0000      	0
0.0000      	0000	0.0000      	0
0.0000      	0000	0.0000      	0
0.0000      	0000	0.0000      	0
0.0000      	0000	0.0000      	0
0.0000      	0000	0.0000      	0
0.0000      	0000	0.0000      	0
0.0000      	0000	0.0000      	0
0.0000      	0000	0.0000      	0
0.0000      	0000	0.0000      	0
0.0000      	0000	0.0000      	0
0.0000      	0000	0.0000      	0
0.0000      	0000	0.0000      	0
0.0000      	0000	0.0000      	0
0.0000      	0000	0.0000      	0
0.0000      	0000	0.0000      	0
0.0000      	0000	0.0000      	0
0.0000      	0000	0.0000      	0
0.0000      	0000	0.0000      	0
0.0000      	0000	0.0000      	0
0.0000      	0000	0.0000      	0
0.0000      	0000	0.0000      	0
0.0000      	0000	0.0000      	0
0.0000      	0000	0.0000      	0
0.0000      	0000	0.0000      	0
0.0000      	0000	0.0000      	0
0.0000      	0000	0.0000      	0
0.0000      	0000	0.0000      	0
0.0000      	0000	0.0000      	0
3.8115      	0000	123.3806    	35
3.8782      	0000	123.3757    	33
0.0000      	0000	0.0000      	0
0.0000      	0000	0.0000      	0
0.0000      	0000	0.0000      	0
0.0000      	0000	0.0000      	0
0.0000      	0000	0.0000      	0
0.0000      	0000	0.0000      	0
0.0000      	0000	0.0000      	0
0.0000      	0000	0.0000      	0
0.0000      	0000	0.0000      	0
0.0000      	0000	0.0000      	0
0.0000      	0000	0.0000      	0
0.0000      	0000	0.0000      	0
0.0000      	0000	0.0000      	0
0.0000      	0000	0.0000      	0
0.0000      	0000	0.0000      	0
0.0000      	0000	0.0000      	0
0.0000      	0000	0.0000      	0
0.0000      	0000	0.0000      	0
5.0636      	0000	120.4996    	33
0.0000      	0000	0.0000      	0
0.0000      	0000	0.0000      	0
0.0000      	0000	0.0000      	0
0.0000      	0000	0.0000      	0
0.0000      	0000	0.0000      	0
0.0000      	0000	0.0000      	0
0.0000      	0000	0.0000      	0
0.0000      	0000	0.0000      	0
0.0000      	0000	0.0000      	0
0.0000      	0000	0.0000      	0
0.0000      	0000	0.0000      	0
0.0000      	0000	0.0000      	0
0.0000      	0000	0.0000      	0
0.0000      	0000	0.0000      	0
0.0000      	0000	0.0000      	0
0.0000      	0000	0.0000      	0
0.0000      	0000	0.0000      	0
0.0000      	0000	0.0000      	0
0.0000      	0000	0.0000      	0
0.0000      	0000	0.0000      	0
0.0000      	0000	0.0000      	0
0.0000      	0000	0.0000      	0
0.0000      	0000	0.0000      	0
0.0000      	0000	0.0000      	0
0.0000      	0000	0.0000      	0
0.0000      	0000	0.0000      	0
0.0000      	0000	0.0000      	0
0.0000      	0000	0.0000      	0
0.0000      	0000	0.0000      	0
0.0000      	0000	0.0000      	0
0.0000      	0000	0.0000      	0
0.0000      	0000	0.0000      	0
0.0000      	0000	0.0000      	0
0.0000      	0000	0.0000      	0
0.0000      	0000	0.0000      	0
0.0000      	0000	0.0000      	0
0.0000      	0000	0.0000      	0
0.0000      	0000	0.0000      	0
0.0000      	0000	0.0000      	0
0.0000      	0000	0.0000      	0
0.0000      	0000	0.0000      	0
0.0000      	0000	0.0000      	0
0.0000      	0000	0.0000      	0
0.0000      	0000	0.0000      	0
0.0000      	0000	0.0000      	0
0.0000      	0000	0.0000      	0
0.0000      	0000	0.0000      	0
0.0000      	0000	0.0000      	0
0.0000      	0000	0.0000      	0
0.0000      	0000	0.0000      	0
0.0000      	0000	0.0000      	0
0.0000      	0000	0.0000      	0
0.0000      	0000	0.0000      	0
8.3037      	0000	114.0363    	34
8.3672      	0000	114.0358    	36
0.0000      	0000	0.0000      	0
8.4587      	0000	113.3250    	39
8.5220      	0000	113.3245    	44
8.5824      	0000	113.2684    	38
0.0000      	0000	0.0000      	0
0.0000      	0000	0.0000      	0
0.0000      	0000	0.0000      	0
0.0000      	0000	0.0000      	0
0.0000      	0000	0.0000      	0
0.0000      	0000	0.0000      	0
0.0000      	0000	0.0000      	0
0.0000      	0000	0.0000      	0
0.0000      	0000	0.0000      	0
0.0000      	0000	0.0000      	0
0.0000      	0000	0.0000      	0
0.0000      	0000	0.0000      	0
0.0000      	0000	0.0000      	0
0.0000      	0000	0.0000      	0
0.0000      	0000	0.0000      	0
0.0000      	0000	0.0000      	0
0.0000      	0000	0.0000      	0
0.0000      	0000	0.0000      	0
0.0000      	0000	0.0000      	0
9.7162      	0000	111.0022    	33
0.0000      	0000	0.0000      	0
0.0000      	0000	0.0000      	0
0.0000      	0000	0.0000      	0
0.0000      	0000	0.0000      	0
0.0000      	0000	0.0000      	0
10.0276     	0000	109.9501    	32
10.0896     	0000	109.9496    	39
10.1517     	0000	109.9491    	41
10.2102     	0000	109.8914    	34
0.0000      	0000	0.0000      	0
0.0000      	0000	0.0000      	0
0.0000      	0000	0.0000      	0
0.0000      	0000	0.0000      	0
0.0000      	0000	0.0000      	0
0.0000      	0000	0.0000      	0
0.0000      	0000	0.0000      	0
0.0000      	0000	0.0000      	0
0.0000      	0000	0.0000      	0
0.0000      	0000	0.0000      	0
0.0000      	0000	0.0000      	0
0.0000      	0000	0.0000      	0
0.0000      	0000	0.0000      	0
0.0000      	0000	0.0000      	0
0.0000      	0000	0.0000      	0
0.0000      	0000	0.0000      	0
0.0000      	0000	0.0000      	0
0.0000      	0000	0.0000      	0
0.0000      	0000	0.0000      	0
0.0000      	0000	0.0000      	0
0.0000      	0000	0.0000      	0
0.0000      	0000	0.0000      	0
0.0000      	0000	0.0000      	0
0.0000      	0000	0.0000      	0
0.0000      	0000	0.0000      	0
0.0000      	0000	0.0000      	0
0.0000      	0000	0.0000      	0
0.0000      	0000	0.0000      	0
0.0000      	0000	0.0000      	0
0.0000      	0000	0.0000      	0
0.0000      	0000	0.0000      	0
0.0000      	0000	0.0000      	0
0.0000      	0000	0.0000      	0
0.0000      	0000	0.0000      	0
0.0000      	0000	0.0000      	0
0.0000      	0000	0.0000      	0
0.0000      	0000	0.0000      	0
0.0000      	0000	0.0000      	0
0.0000      	0000	0.0000      	0
0.0000      	0000	0.0000      	0
0.0000      	0000	0.0000      	0
0.0000      	0000	0.0000      	0
0.0000      	0000	0.0000      	0
0.0000      	0000	0.0000      	0
0.0000      	0000	0.0000      	0
0.0000      	0000	0.0000      	0
0.0000      	0000	0.0000      	0
0.0000      	0000	0.0000      	0
0.0000      	0000	0.0000      	0
0.0000      	0000	0.0000      	0
0.0000      	0000	0.0000      	0
12.9467     	0000	103.7937    	35
0.0000      	0000	0.0000      	0
0.0000      	0000	0.0000      	0
0.0000      	0000	0.0000      	0
0.0000      	0000	0.0000      	0
0.0000      	0000	0.0000      	0
0.0000      	0000	0.0000      	0
0.0000      	0000	0.0000      	0
0.0000      	0000	0.0000      	0
0.0000      	0000	0.0000      	0
0.0000      	0000	0.0000      	0
0.0000      	0000	0.0000      	0
0.0000      	0000	0.0000      	0
0.0000      	0000	0.0000      	0
0.0000      	0000	0.0000      	0
0.0000      	0000	0.0000      	0
0.0000      	0000	0.0000      	0
0.0000      	0000	0.0000      	0
0.0000      	0000	0.0000      	0
0.0000      	0000	0.0000      	0
0.0000      	0000	0.0000      	0
0.0000      	0000	0.0000      	0
0.0000      	0000	0.0000      	0
0.0000      	0000	0.0000      	0
0.0000      	0000	0.0000      	0
0.0000      	0000	0.0000      	0
0.0000      	0000	0.0000      	0
0.0000      	0000	0.0000      	0
0.0000      	0000	0.0000      	0
0.0000      	0000	0.0000      	0
0.0000      	0000	0.0000      	0
0.0000      	0000	0.0000      	0
0.0000      	0000	0.0000      	0
0.0000      	0000	0.0000      	0
0.0000      	0000	0.0000      	0
0.0000      	0000	0.0000      	0
0.0000      	0000	0.0000      	0
0.0000      	0000	0.0000      	0
0.0000      	0000	0.0000      	0
0.0000      	0000	0.0000      	0
0.0000      	0000	0.0000      	0
0.0000      	0000	0.0000      	0
0.0000      	0000	0.0000      	0
0.0000      	0000	0.0000      	0
0.0000      	0000	0.0000      	0
0.0000      	0000	0.0000      	0
15.2526     	0000	99.1295     	33
15.3108     	0000	99.1289     	33
0.0000      	0000	0.0000      	0
0.0000      	0000	0.0000      	0
0.0000      	0000	0.0000      	0
0.0000      	0000	0.0000      	0
0.0000      	0000	0.0000      	0
0.0000      	0000	0.0000      	0
0.0000      	0000	0.0000      	0
0.0000      	0000	0.0000      	0
0.0000      	0000	0.0000      	0
0.0000      	0000	0.0000      	0
0.0000      	0000	0.0000      	0
0.0000      	0000	0.0000      	0
0.0000      	0000	0.0000      	0
0.0000      	0000	0.0000      	0
0.0000      	0000	0.0000      	0
0.0000      	0000	0.0000      	0
0.0000      	0000	0.0000      	0
0.0000      	0000	0.0000      	0
0.0000      	0000	0.0000      	0
0.0000      	0000	0.0000      	0
0.0000      	0000	0.0000      	0
0.0000      	0000	0.0000      	0
0.0000      	0000	0.0000      	0
0.0000      	0000	0.0000      	0
0.0000      	0000	0.0000      	0
0.0000      	0000	0.0000      	0
0.0000      	0000	0.0000      	0
0.0000      	0000	0.0000      	0
0.0000      	0000	0.0000      	0
0.0000      	0000	0.0000      	0
0.0000      	0000	0.0000      	0
0.0000      	0000	0.0000      	0
0.0000      	0000	0.0000      	0
0.0000      	0000	0.0000      	0
0.0000      	0000	0.0000      	0
0.0000      	0000	0.0000      	0
17.1007     	0000	95.7959     	35
17.1521     	0000	95.7438     	39
17.2141     	0000	95.7883     	41
17.2665     	0000	95.7459     	48
17.3235     	0000	95.7453     	58
17.3849     	0000	95.7834     	62
17.4384     	0000	95.7506     	66
17.4961     	0000	95.7564     	70
17.5521     	0000	95.7462     	80
17.6033     	0000	95.6941     	83
17.6552     	0000	95.6485     	76
17.7115     	0000	95.6415     	57
17.7733     	0000	95.6827     	45
17.8248     	0000	95.6339     	38
17.8755     	0000	95.5786     	37
17.9147     	0000	95.4239     	37
0.0000      	0000	0.0000      	0
0.0000      	0000	0.0000      	0
0.0000      	0000	0.0000      	0
0.0000      	0000	0.0000      	0
0.0000      	0000	0.0000      	0
0.0000      	0000	0.0000      	0
0.0000      	0000	0.0000      	0
0.0000      	0000	0.0000      	0
0.0000      	0000	0.0000      	0
0.0000      	0000	0.0000      	0
0.0000      	0000	0.0000      	0
0.0000      	0000	0.0000      	0
0.0000      	0000	0.0000      	0
0.0000      	0000	0.0000      	0
0.0000      	0000	0.0000      	0
0.0000      	0000	0.0000      	0
0.0000      	0000	0.0000      	0
0.0000      	0000	0.0000      	0
0.0000      	0000	0.0000      	0
0.0000      	0000	0.0000      	0
0.0000      	0000	0.0000      	0
0.0000      	0000	0.0000      	0
0.0000      	0000	0.0000      	0
0.0000      	0000	0.0000      	0
0.0000      	0000	0.0000      	0
0.0000      	0000	0.0000      	0
0.0000      	0000	0.0000      	0
0.0000      	0000	0.0000      	0
0.0000      	0000	0.0000      	0
0.0000      	0000	0.0000      	0
0.0000      	0000	0.0000      	0
0.0000      	0000	0.0000      	0
0.0000      	0000	0.0000      	0
0.0000      	0000	0.0000      	0
0.0000      	0000	0.0000      	0
0.0000      	0000	0.0000      	0
0.0000      	0000	0.0000      	0
0.0000      	0000	0.0000      	0
0.0000      	0000	0.0000      	0
0.0000      	0000	0.0000      	0
0.0000      	0000	0.0000      	0
0.0000      	0000	0.0000      	0
0.0000      	0000	0.0000      	0
0.0000      	0000	0.0000      	0
0.0000      	0000	0.0000      	0
0.0000      	0000	0.0000      	0
0.0000      	0000	0.0000      	0
0.0000      	0000	0.0000      	0
0.0000      	0000	0.0000      	0
0.0000      	0000	0.0000      	0
0.0000      	0000	0.0000      	0
0.0000      	0000	0.0000      	0
0.0000      	0000	0.0000      	0
0.0000      	0000	0.0000      	0
0.0000      	0000	0.0000      	0
0.0000      	0000	0.0000      	0
0.0000      	0000	0.0000      	0
0.0000      	0000	0.0000      	0
0.0000      	0000	0.0000      	0
0.0000      	0000	0.0000      	0
0.0000      	0000	0.0000      	0
0.0000      	0000	0.0000      	0
0.0000      	0000	0.0000      	0
0.0000      	0000	0.0000      	0
0.0000      	0000	0.0000      	0
0.0000      	0000	0.0000      	0
0.0000      	0000	0.0000      	0
0.0000      	0000	0.0000      	0
0.0000      	0000	0.0000      	0
0.0000      	0000	0.0000      	0
0.0000      	0000	0.0000      	0
0.0000      	0000	0.0000      	0
0.0000      	0000	0.0000      	0
0.0000      	0000	0.0000      	0
0.0000      	0000	0.0000      	0
0.0000      	0000	0.0000      	0
0.0000      	0000	0.0000      	0
0.0000      	0000	0.0000      	0
0.0000      	0000	0.0000      	0
0.0000      	0000	0.0000      	0
0.0000      	0000	0.0000      	0
0.0000      	0000	0.0000      	0
0.0000      	0000	0.0000      	0
0.0000      	0000	0.0000      	0
0.0000      	0000	0.0000      	0
0.0000      	0000	0.0000      	0
0.0000      	0000	0.0000      	0
0.0000      	0000	0.0000      	0
0.0000      	0000	0.0000      	0
0.0000      	0000	0.0000      	0
0.0000      	0000	0.0000      	0
0.0000      	0000	0.0000      	0
0.0000      	0000	0.0000      	0
0.0000      	0000	0.0000      	0
0.0000      	0000	0.0000      	0
0.0000      	0000	0.0000      	0
0.0000      	0000	0.0000      	0
0.0000      	0000	0.0000      	0
0.0000      	0000	0.0000      	0
0.0000      	0000	0.0000      	0
0.0000      	0000	0.0000      	0
0.0000      	0000	0.0000      	0
0.0000      	0000	0.0000      	0
0.0000      	0000	0.0000      	0
0.0000      	0000	0.0000      	0
0.0000      	0000	0.0000      	0
0.0000      	0000	0.0000      	0
0.0000      	0000	0.0000      	0
0.0000      	0000	0.0000      	0
0.0000      	0000	0.0000      	0
0.0000      	0000	0.0000      	0
0.0000      	0000	0.0000      	0
0.0000      	0000	0.0000      	0
0.0000      	0000	0.0000      	0
0.0000      	0000	0.0000      	0
0.0000      	0000	0.0000      	0
0.0000      	0000	0.0000      	0
0.0000      	0000	0.0000      	0
0.0000      	0000	0.0000      	0
0.0000      	0000	0.0000      	0
0.0000      	0000	0.0000      	0
0.0000      	0000	0.0000      	0
0.0000      	0000	0.0000      	0
0.0000      	0000	0.0000      	0
0.0000      	0000	0.0000      	0
0.0000      	0000	0.0000      	0
0.0000      	0000	0.0000      	0
0.0000      	0000	0.0000      	0
0.0000      	0000	0.0000      	0
0.0000      	0000	0.0000      	0
0.0000      	0000	0.0000      	0
0.0000      	0000	0.0000      	0
0.0000      	0000	0.0000      	0
0.0000      	0000	0.0000      	0
0.0000      	0000	0.0000      	0
0.0000      	0000	0.0000      	0
0.0000      	0000	0.0000      	0
0.0000      	0000	0.0000      	0
0.0000      	0000	0.0000      	0
0.0000      	0000	0.0000      	0
0.0000      	0000	0.0000      	0
0.0000      	0000	0.0000      	0
0.0000      	0000	0.0000      	0
0.0000      	0000	0.0000      	0
0.0000      	0000	0.0000      	0
0.0000      	0000	0.0000      	0
0.0000      	0000	0.0000      	0
0.0000      	0000	0.0000      	0
0.0000      	0000	0.0000      	0
0.0000      	0000	0.0000      	0
0.0000      	0000	0.0000      	0
0.0000      	0000	0.0000      	0
0.0000      	0000	0.0000      	0
0.0000      	0000	0.0000      	0
0.0000      	0000	0.0000      	0
0.0000      	0000	0.0000      	0
0.0000      	0000	0.0000      	0
0.0000      	0000	0.0000      	0
0.0000      	0000	0.0000      	0
0.0000      	0000	0.0000      	0
0.0000      	0000	0.0000      	0
0.0000      	0000	0.0000      	0
0.0000      	0000	0.0000      	0
0.0000      	0000	0.0000      	0
0.0000      	0000	0.0000      	0
0.0000      	0000	0.0000      	0
0.0000      	0000	0.0000      	0
0.0000      	0000	0.0000      	0
0.0000      	0000	0.0000      	0
0.0000      	0000	0.0000      	0
0.0000      	0000	0.0000      	0
0.0000      	0000	0.0000      	0
0.0000      	0000	0.0000      	0
0.0000      	0000	0.0000      	0
0.0000      	0000	0.0000      	0
0.0000      	0000	0.0000      	0
0.0000      	0000	0.0000      	0
0.0000      	0000	0.0000      	0
0.0000      	0000	0.0000      	0
0.0000      	0000	0.0000      	0
0.0000      	0000	0.0000      	0
0.0000      	0000	0.0000      	0
0.0000      	0000	0.0000      	0
0.0000      	0000	0.0000      	0
0.0000      	0000	0.0000      	0
0.0000      	0000	0.0000      	0
0.0000      	0000	0.0000      	0
0.0000      	0000	0.0000      	0
0.0000      	0000	0.0000      	0
0.0000      	0000	0.0000      	0
0.0000      	0000	0.0000      	0
0.0000      	0000	0.0000      	0
0.0000      	0000	0.0000      	0
0.0000      	0000	0.0000      	0
0.0000      	0000	0.0000      	0
0.0000      	0000	0.0000      	0
0.0000      	0000	0.0000      	0
0.0000      	0000	0.0000      	0
0.0000      	0000	0.0000      	0
0.0000      	0000	0.0000      	0
0.0000      	0000	0.0000      	0
0.0000      	0000	0.0000      	0
0.0000      	0000	0.0000      	0
0.0000      	0000	0.0000      	0
0.0000      	0000	0.0000      	0
0.0000      	0000	0.0000      	0
0.0000      	0000	0.0000      	0
0.0000      	0000	0.0000      	0
0.0000      	0000	0.0000      	0
0.0000      	0000	0.0000      	0
0.0000      	0000	0.0000      	0
0.0000      	0000	0.0000      	0
0.0000      	0000	0.0000      	0
0.0000      	0000	0.0000      	0
0.0000      	0000	0.0000      	0
0.0000      	0000	0.0000      	0
0.0000      	0000	0.0000      	0
0.0000      	0000	0.0000      	0
0.0000      	0000	0.0000      	0
0.0000      	0000	0.0000      	0
0.0000      	0000	0.0000      	0
0.0000      	0000	0.0000      	0
0.0000      	0000	0.0000      	0
0.0000      	0000	0.0000      	0
0.0000      	0000	0.0000      	0
0.0000      	0000	0.0000      	0
0.0000      	0000	0.0000      	0
0.0000      	0000	0.0000      	0
0.0000      	0000	0.0000      	0
0.0000      	0000	0.0000      	0
0.0000      	0000	0.0000      	0
0.0000      	0000	0.0000      	0
0.0000      	0000	0.0000      	0
0.0000      	0000	0.0000      	0
0.0000      	0000	0.0000      	0
0.0000      	0000	0.0000      	0
0.0000      	0000	0.0000      	0
0.0000      	0000	0.0000      	0
0.0000      	0000	0.0000      	0
0.0000      	0000	0.0000      	0
0.0000      	0000	0.0000      	0
0.0000      	0000	0.0000      	0
0.0000      	0000	0.0000      	0
0.0000      	0000	0.0000      	0
0.0000      	0000	0.0000      	0
0.0000      	0000	0.0000      	0
0.0000      	0000	0.0000      	0
0.0000      	0000	0.0000      	0
0.0000      	0000	0.0000      	0
0.0000      	0000	0.0000      	0
0.0000      	0000	0.0000      	0
0.0000      	0000	0.0000      	0
0.0000      	0000	0.0000      	0
0.0000      	0000	0.0000      	0
0.0000      	0000	0.0000      	0
0.0000      	0000	0.0000      	0
0.0000      	0000	0.0000      	0
0.0000      	0000	0.0000      	0
0.0000      	0000	0.0000      	0
0.0000      	0000	0.0000      	0
0.0000      	0000	0.0000      	0
0.0000      	0000	0.0000      	0
0.0000      	0000	0.0000      	0
0.0000      	0000	0.0000      	0
0.0000      	0000	0.0000      	0
0.0000      	0000	0.0000      	0
0.0000      	0000	0.0000      	0
0.0000      	0000	0.0000      	0
0.0000      	0000	0.0000      	0
0.0000      	0000	0.0000      	0
0.0000      	0000	0.0000      	0
0.0000      	0000	0.0000      	0
31.1102     	0000	83.8618     	36
31.1637     	0000	83.8607     	37
31.2077     	0000	83.8150     	38
31.2612     	0000	83.8138     	40
31.3052     	0000	83.7681     	38
0.0000      	0000	0.0000      	0
0.0000      	0000	0.0000      	0
0.0000      	0000	0.0000      	0
0.0000      	0000	0.0000      	0
0.0000      	0000	0.0000      	0
0.0000      	0000	0.0000      	0
0.0000      	0000	0.0000      	0
0.0000      	0000	0.0000      	0
0.0000      	0000	0.0000      	0
0.0000      	0000	0.0000      	0
0.0000      	0000	0.0000      	0
0.0000      	0000	0.0000      	0
0.0000      	0000	0.0000      	0
0.0000      	0000	0.0000      	0
0.0000      	0000	0.0000      	0
0.0000      	0000	0.0000      	0
0.0000      	0000	0.0000      	0
0.0000      	0000	0.0000      	0
0.0000      	0000	0.0000      	0
0.0000      	0000	0.0000      	0
0.0000      	0000	0.0000      	0
0.0000      	0000	0.0000      	0
0.0000      	0000	0.0000      	0
0.0000      	0000	0.0000      	0
0.0000      	0000	0.0000      	0
0.0000      	0000	0.0000      	0
0.0000      	0000	0.0000      	0
0.0000      	0000	0.0000      	0
0.0000      	0000	0.0000      	0
0.0000      	0000	0.0000      	0
0.0000      	0000	0.0000      	0
0.0000      	0000	0.0000      	0
0.0000      	0000	0.0000      	0
0.0000      	0000	0.0000      	0
0.0000      	0000	0.0000      	0
0.0000      	0000	0.0000      	0
0.0000      	0000	0.0000      	0
0.0000      	0000	0.0000      	0
0.0000      	0000	0.0000      	0
0.0000      	0000	0.0000      	0
0.0000      	0000	0.0000      	0
0.0000      	0000	0.0000      	0
0.0000      	0000	0.0000      	0
0.0000      	0000	0.0000      	0
0.0000      	0000	0.0000      	0
0.0000      	0000	0.0000      	0
0.0000      	0000	0.0000      	0
0.0000      	0000	0.0000      	0
0.0000      	0000	0.0000      	0
